Timestamp[us],Slope,VBUS Voltage[V],VBUS Current[A],VBUS Wattage[W]
0.116,0.0,0.1,0.0,0.0
0.126,0.0,0.096,0.0,0.0
0.137,0.0,0.1,0.0,0.0
0.148,0.0,0.1,0.0,0.0
0.159,0.0,0.096,0.0,0.0
0.17,0.0,0.084,0.0,0.0
0.181,0.0,5.076,0.01,0.051
0.193,0.0,5.076,0.0,0.0
0.255,0.0,5.076,0.01,0.051
0.267,0.0,5.076,0.0,0.0
0.283,0.0,5.076,0.0,0.0
0.293,0.0,5.076,0.0,0.0
0.303,0.0,5.076,0.0,0.0
0.313,0.0,5.076,0.01,0.051
0.324,0.0,5.076,0.0,0.0
0.335,0.0,5.072,0.0,0.0
0.345,0.0,5.076,0.0,0.0
0.356,0.0,5.076,0.0,0.0
0.367,0.0,5.08,0.0,0.0
0.377,0.0,5.076,0.0,0.0
0.388,0.0,5.076,0.0,0.0
0.399,0.0,5.076,0.443,2.249
0.408,0.0,20.236,0.206,4.169
0.416,0.0,20.236,0.304,6.152
0.424,0.0,20.24,0.248,5.02
0.432,0.0,20.24,0.242,4.898
0.44,0.0,20.24,0.246,4.979
0.448,0.0,20.24,0.242,4.898
0.456,0.0,20.24,0.242,4.898
0.51,0.0,20.24,0.243,4.918
0.519,0.0,20.236,0.24,4.857
0.526,0.0,20.24,0.238,4.817
0.534,0.0,20.24,0.239,4.837
0.541,0.0,20.24,0.239,4.837
0.55,0.0,20.24,0.24,4.858
0.558,0.0,20.24,0.239,4.837
0.565,0.0,20.24,0.24,4.858
0.573,0.0,20.236,0.239,4.836
0.581,0.0,20.24,0.237,4.797
0.589,0.0,20.24,0.24,4.858
0.597,0.0,20.24,0.24,4.858
0.605,0.0,20.24,0.238,4.817
0.613,0.0,20.24,0.238,4.817
0.621,0.0,20.236,0.24,4.857
0.628,0.0,20.24,0.24,4.858
0.636,0.0,20.236,0.239,4.836
0.644,0.0,20.236,0.239,4.836
0.652,0.0,20.24,0.239,4.837
0.66,0.0,20.24,0.239,4.837
0.668,0.0,20.236,0.236,4.776
0.676,0.0,20.24,0.241,4.878
0.684,0.0,20.236,0.239,4.836
0.692,0.0,20.236,0.238,4.816
0.7,0.0,20.236,0.236,4.776
0.708,0.0,20.24,0.238,4.817
0.716,0.0,20.24,0.238,4.817
0.724,0.0,20.236,0.237,4.796
0.731,0.0,20.24,0.237,4.797
0.74,0.0,20.24,0.238,4.817
0.748,0.0,20.24,0.239,4.837
0.756,0.0,20.24,0.236,4.777
0.763,0.0,20.24,0.238,4.817
0.772,0.0,20.24,0.236,4.777
0.78,0.0,20.24,0.236,4.777
0.788,0.0,20.236,0.238,4.816
0.795,0.0,20.24,0.236,4.777
0.803,0.0,20.24,0.235,4.756
0.812,0.0,20.24,0.241,4.878
0.819,0.0,20.24,0.237,4.797
0.827,0.0,20.24,0.24,4.858
0.835,0.0,20.236,0.237,4.796
0.844,0.0,20.24,0.236,4.777
0.851,0.0,20.24,0.238,4.817
0.859,0.0,20.24,0.237,4.797
0.867,0.0,20.236,0.237,4.796
0.875,0.0,20.24,0.238,4.817
0.883,0.0,20.24,0.238,4.817
0.89,0.0,20.236,0.235,4.755
0.899,0.0,20.24,0.234,4.736
0.907,0.0,20.24,0.239,4.837
0.915,0.0,20.236,0.238,4.816
0.922,0.0,20.236,0.237,4.796
0.93,0.0,20.24,0.237,4.797
0.939,0.0,20.236,0.238,4.816
0.95,0.0,20.24,0.236,4.777
0.958,0.0,20.236,0.238,4.816
0.966,0.0,20.236,0.235,4.755
0.975,0.0,20.24,0.235,4.756
0.982,0.0,20.24,0.238,4.817
0.99,0.0,20.24,0.237,4.797
0.999,0.0,20.24,0.238,4.817
1.007,0.0,20.236,0.236,4.776
1.015,0.0,20.24,0.237,4.797
1.023,0.0,20.24,0.238,4.817
1.031,0.0,20.236,0.235,4.755
1.039,0.0,20.236,0.236,4.776
1.047,0.0,20.236,0.235,4.755
1.054,0.0,20.24,0.236,4.777
1.063,0.0,20.236,0.238,4.816
1.071,0.0,20.24,0.235,4.756
1.079,172.0,20.24,0.237,4.797
1.086,165.0,20.236,0.239,4.836
1.095,157.0,20.236,0.235,4.755
1.103,148.0,20.24,0.235,4.756
1.111,140.0,20.236,0.236,4.776
1.122,131.0,20.24,0.232,4.696
1.133,122.0,20.236,0.235,4.755
1.143,115.0,20.232,0.238,4.815
1.154,109.0,20.236,0.233,4.715
1.165,102.0,20.236,0.236,4.776
1.175,96.0,20.236,0.233,4.715
1.185,89.0,20.236,0.236,4.776
1.196,81.0,20.232,0.236,4.775
1.207,74.0,20.24,0.234,4.736
1.217,66.0,20.24,0.239,4.837
1.228,59.0,20.236,0.231,4.675
1.239,51.0,20.24,0.236,4.777
1.249,43.0,20.24,0.234,4.736
1.26,34.0,20.236,0.233,4.715
1.271,26.0,20.24,0.237,4.797
1.281,17.0,20.232,0.233,4.714
1.292,8.0,20.24,0.237,4.797
1.303,0.0,20.24,0.235,4.756
1.313,0.0,20.236,0.236,4.776
1.324,0.0,20.236,0.236,4.776
1.334,0.0,20.236,0.235,4.755
1.345,0.0,20.236,0.233,4.715
1.355,0.0,20.236,0.235,4.755
1.367,0.0,20.24,0.238,4.817
1.377,0.0,20.236,0.234,4.735
1.387,0.0,20.236,0.232,4.695
1.398,0.0,20.236,0.233,4.715
1.409,0.0,20.24,0.232,4.696
1.419,0.0,20.236,0.238,4.816
1.43,0.0,20.24,0.235,4.756
1.44,0.0,20.236,0.234,4.735
1.45,0.0,20.24,0.232,4.696
1.461,0.0,20.236,0.233,4.715
1.472,0.0,20.24,0.237,4.797
1.482,0.0,20.24,0.232,4.696
1.493,0.0,20.24,0.234,4.736
1.504,0.0,20.236,0.233,4.715
1.514,0.0,20.236,0.233,4.715
1.525,0.0,20.24,0.233,4.716
1.536,0.0,20.24,0.233,4.716
1.546,0.0,20.24,0.237,4.797
1.556,0.0,20.236,0.236,4.776
1.567,0.0,20.24,0.236,4.777
1.577,0.0,20.24,0.243,4.918
1.589,0.0,20.236,0.235,4.755
1.6,0.0,20.24,0.238,4.817
1.61,0.0,20.24,0.235,4.756
1.62,0.0,20.24,0.231,4.675
1.631,0.0,20.236,0.236,4.776
1.642,0.0,20.24,0.238,4.817
1.652,0.0,20.236,0.236,4.776
1.664,0.0,20.24,0.233,4.716
1.674,0.0,20.236,0.235,4.755
1.684,0.0,20.24,0.234,4.736
1.696,0.0,20.236,0.235,4.755
1.706,0.0,20.236,0.234,4.735
1.716,0.0,20.236,0.234,4.735
1.728,0.0,20.236,0.232,4.695
1.738,0.0,20.236,0.232,4.695
1.748,0.0,20.236,0.234,4.735
1.759,0.0,20.24,0.234,4.736
1.77,0.0,20.24,0.233,4.716
1.78,0.0,20.236,0.237,4.796
1.791,0.0,20.236,0.236,4.776
1.802,0.0,20.24,0.235,4.756
1.812,0.0,20.24,0.236,4.777
1.823,0.0,20.24,0.234,4.736
1.834,0.0,20.236,0.235,4.755
1.844,0.0,20.24,0.231,4.675
1.855,0.0,20.236,0.234,4.735
1.866,0.0,20.24,0.235,4.756
1.876,0.0,20.236,0.235,4.755
1.887,0.0,20.236,0.232,4.695
1.898,0.0,20.236,0.231,4.675
1.908,0.0,20.236,0.231,4.675
1.919,0.0,20.24,0.232,4.696
1.929,0.0,20.236,0.231,4.675
1.938,0.0,20.24,0.235,4.756
1.948,0.0,20.236,0.237,4.796
1.958,0.0,20.236,0.233,4.715
1.968,0.0,20.236,0.229,4.634
1.978,0.0,20.236,0.232,4.695
1.988,0.0,20.236,0.233,4.715
1.998,0.0,20.236,0.236,4.776
2.008,0.0,20.24,0.235,4.756
2.019,0.0,20.236,0.237,4.796
2.03,0.0,20.236,0.232,4.695
2.04,0.0,20.24,0.236,4.777
2.052,0.0,20.24,0.232,4.696
2.063,0.0,20.236,0.233,4.715
2.073,0.0,20.236,0.235,4.755
2.085,0.0,20.236,0.229,4.634
2.096,0.0,20.236,0.232,4.695
2.106,0.0,20.236,0.234,4.735
2.118,0.0,20.236,0.235,4.755
2.128,0.0,20.24,0.237,4.797
2.137,0.0,20.24,0.231,4.675
2.148,0.0,20.24,0.235,4.756
2.158,0.0,20.236,0.234,4.735
2.168,0.0,20.236,0.231,4.675
2.178,0.0,20.236,0.237,4.796
2.188,0.0,20.24,0.235,4.756
2.198,0.0,20.236,0.234,4.735
2.208,0.0,20.24,0.234,4.736
2.219,0.0,20.24,0.234,4.736
2.228,0.0,20.236,0.234,4.735
2.239,0.0,20.24,0.234,4.736
2.249,0.0,20.24,0.234,4.736
2.259,0.0,20.24,0.231,4.675
2.269,0.0,20.24,0.235,4.756
2.279,0.0,20.236,0.235,4.755
2.289,0.0,20.24,0.232,4.696
2.299,0.0,20.236,0.232,4.695
2.309,0.0,20.236,0.234,4.735
2.319,0.0,20.24,0.234,4.736
2.33,0.0,20.236,0.232,4.695
2.341,0.0,20.236,0.232,4.695
2.352,0.0,20.236,0.236,4.776
2.362,0.0,20.236,0.231,4.675
2.373,0.0,20.236,0.232,4.695
2.384,0.0,20.236,0.231,4.675
2.395,0.0,20.24,0.233,4.716
2.406,0.0,20.232,0.233,4.714
2.417,0.0,20.236,0.231,4.675
2.428,0.0,20.24,0.231,4.675
2.439,0.0,20.24,0.233,4.716
2.45,0.0,20.236,0.236,4.776
2.461,0.0,20.24,0.234,4.736
2.472,0.0,20.24,0.236,4.777
2.483,0.0,20.236,0.235,4.755
2.494,0.0,20.236,0.228,4.614
2.505,0.0,20.236,0.236,4.776
2.516,0.0,20.24,0.233,4.716
2.527,0.0,20.24,0.232,4.696
2.538,0.0,20.24,0.232,4.696
2.549,0.0,20.24,0.231,4.675
2.56,0.0,20.232,0.233,4.714
2.571,0.0,20.236,0.232,4.695
2.582,0.0,20.236,0.234,4.735
2.593,0.0,20.24,0.231,4.675
2.604,0.0,20.236,0.233,4.715
2.615,0.0,20.24,0.236,4.777
2.625,0.0,20.24,0.231,4.675
2.636,0.0,20.236,0.232,4.695
2.647,0.0,20.24,0.229,4.635
2.657,0.0,20.24,0.233,4.716
2.668,0.0,20.236,0.23,4.654
2.679,0.0,20.236,0.232,4.695
2.689,0.0,20.24,0.235,4.756
2.7,0.0,20.24,0.23,4.655
2.711,0.0,20.236,0.233,4.715
2.721,0.0,20.236,0.233,4.715
2.732,0.0,20.24,0.233,4.716
2.743,0.0,20.236,0.233,4.715
2.753,0.0,20.236,0.231,4.675
2.764,0.0,20.24,0.233,4.716
2.775,0.0,20.24,0.235,4.756
2.785,0.0,20.24,0.237,4.797
2.796,0.0,20.236,0.234,4.735
2.807,0.0,20.236,0.233,4.715
2.817,0.0,20.236,0.235,4.755
2.828,0.0,20.236,0.232,4.695
2.839,0.0,20.24,0.234,4.736
2.849,0.0,20.24,0.231,4.675
2.86,0.0,20.24,0.229,4.635
2.871,0.0,20.24,0.231,4.675
2.881,0.0,20.236,0.232,4.695
2.892,0.0,20.24,0.232,4.696
2.903,0.0,20.236,0.232,4.695
2.913,0.0,20.24,0.234,4.736
2.924,0.0,20.236,0.232,4.695
2.935,0.0,20.236,0.231,4.675
2.945,0.0,20.24,0.233,4.716
2.956,0.0,20.236,0.233,4.715
2.967,0.0,20.236,0.235,4.755
2.977,0.0,20.236,0.233,4.715
2.988,0.0,20.236,0.235,4.755
2.999,0.0,20.236,0.234,4.735
3.009,0.0,20.236,0.234,4.735
3.02,0.0,20.236,0.235,4.755
3.031,0.0,20.236,0.233,4.715
3.041,0.0,20.236,0.237,4.796
3.052,0.0,20.24,0.233,4.716
3.063,0.0,20.236,0.229,4.634
3.073,0.0,20.236,0.235,4.755
3.084,0.0,20.236,0.232,4.695
3.095,0.0,20.24,0.232,4.696
3.105,0.0,20.236,0.234,4.735
3.115,0.0,20.236,0.234,4.735
3.126,0.0,20.24,0.233,4.716
3.135,0.0,20.236,0.231,4.675
3.145,0.0,20.236,0.233,4.715
3.155,0.0,20.24,0.233,4.716
3.165,0.0,20.24,0.234,4.736
3.174,0.0,20.236,0.232,4.695
3.184,0.0,20.236,0.232,4.695
3.194,0.0,20.236,0.236,4.776
3.204,0.0,20.24,0.233,4.716
3.214,0.0,20.236,0.23,4.654
3.224,0.0,20.236,0.233,4.715
3.233,0.0,20.236,0.232,4.695
3.243,0.0,20.236,0.235,4.755
3.253,0.0,20.24,0.233,4.716
3.263,0.0,20.236,0.233,4.715
3.272,0.0,20.236,0.231,4.675
3.289,0.0,20.236,0.234,4.735
3.298,0.0,20.236,0.232,4.695
3.308,0.0,20.236,0.232,4.695
3.318,0.0,20.236,0.232,4.695
3.328,0.0,20.236,0.233,4.715
3.338,0.0,20.236,0.234,4.735
3.35,0.0,20.236,0.231,4.675
3.36,0.0,20.236,0.231,4.675
3.371,0.0,20.24,0.23,4.655
3.382,0.0,20.236,0.228,4.614
3.393,0.0,20.236,0.233,4.715
3.403,0.0,20.236,0.234,4.735
3.415,0.0,20.236,0.234,4.735
3.425,0.0,20.236,0.229,4.634
3.436,0.0,20.236,0.234,4.735
3.448,0.0,20.236,0.235,4.755
3.458,0.0,20.236,0.233,4.715
3.469,0.0,20.24,0.232,4.696
3.481,0.0,20.24,0.231,4.675
3.491,0.0,20.24,0.231,4.675
3.502,0.0,20.236,0.23,4.654
3.513,0.0,20.236,0.234,4.735
3.524,0.0,20.24,0.232,4.696
3.535,0.0,20.236,0.231,4.675
3.546,0.0,20.236,0.233,4.715
3.557,0.0,20.236,0.231,4.675
3.567,0.0,20.236,0.232,4.695
3.579,0.0,20.24,0.229,4.635
3.589,0.0,20.236,0.233,4.715
3.6,0.0,20.24,0.235,4.756
3.612,0.0,20.236,0.236,4.776
3.622,0.0,20.24,0.233,4.716
3.633,0.0,20.236,0.231,4.675
3.644,0.0,20.24,0.236,4.777
3.655,0.0,20.236,0.225,4.553
3.666,0.0,20.236,0.236,4.776
3.677,0.0,20.236,0.235,4.755
3.688,0.0,20.236,0.236,4.776
3.699,0.0,20.24,0.234,4.736
3.71,0.0,20.236,0.228,4.614
3.721,0.0,20.236,0.233,4.715
3.731,0.0,20.24,0.233,4.716
3.743,0.0,20.236,0.235,4.755
3.754,0.0,20.236,0.231,4.675
3.764,0.0,20.24,0.234,4.736
3.776,0.0,20.236,0.233,4.715
3.786,0.0,20.24,0.229,4.635
3.797,0.0,20.236,0.232,4.695
3.809,0.0,20.236,0.234,4.735
3.819,0.0,20.236,0.232,4.695
3.83,0.0,20.236,0.232,4.695
3.841,0.0,20.236,0.23,4.654
3.852,0.0,20.236,0.232,4.695
3.863,0.0,20.24,0.23,4.655
3.874,0.0,20.236,0.234,4.735
3.885,0.0,20.236,0.228,4.614
3.895,0.0,20.236,0.231,4.675
3.907,0.0,20.236,0.231,4.675
3.918,0.0,20.236,0.23,4.654
3.928,0.0,20.24,0.234,4.736
3.94,0.0,20.236,0.23,4.654
3.95,0.0,20.236,0.231,4.675
3.961,0.0,20.236,0.23,4.654
3.972,0.0,20.24,0.231,4.675
3.982,0.0,20.236,0.232,4.695
3.993,0.0,20.236,0.231,4.675
4.005,0.0,20.236,0.231,4.675
4.015,0.0,20.236,0.231,4.675
4.026,0.0,20.236,0.23,4.654
4.037,0.0,20.236,0.229,4.634
4.048,0.0,20.236,0.236,4.776
4.058,0.0,20.236,0.231,4.675
4.07,0.0,20.236,0.232,4.695
4.08,0.0,20.236,0.232,4.695
4.091,0.0,20.236,0.232,4.695
4.102,0.0,20.24,0.232,4.696
4.113,0.0,20.236,0.231,4.675
4.123,0.0,20.24,0.231,4.675
4.135,0.0,20.236,0.231,4.675
4.145,0.0,20.236,0.231,4.675
4.156,0.0,20.236,0.233,4.715
4.167,0.0,20.236,0.228,4.614
4.178,0.0,20.24,0.235,4.756
4.189,0.0,20.236,0.23,4.654
4.2,0.0,20.24,0.235,4.756
4.21,0.0,20.24,0.228,4.615
4.221,0.0,20.24,0.23,4.655
4.233,0.0,20.24,0.236,4.777
4.243,0.0,20.24,0.229,4.635
4.254,0.0,20.236,0.232,4.695
4.265,0.0,20.236,0.23,4.654
4.276,0.0,20.236,0.231,4.675
4.287,0.0,20.236,0.231,4.675
4.298,0.0,20.24,0.228,4.615
4.308,0.0,20.24,0.232,4.696
4.319,0.0,20.236,0.229,4.634
4.331,0.0,20.236,0.23,4.654
4.341,0.0,20.24,0.229,4.635
4.352,0.0,20.24,0.23,4.655
4.363,0.0,20.24,0.231,4.675
4.374,0.0,20.236,0.232,4.695
4.385,0.0,20.236,0.233,4.715
4.396,0.0,20.24,0.227,4.594
4.406,0.0,20.24,0.233,4.716
4.417,0.0,20.24,0.23,4.655
4.428,0.0,20.24,0.234,4.736
4.438,0.0,20.236,0.232,4.695
4.449,0.0,20.236,0.228,4.614
4.46,0.0,20.24,0.234,4.736
4.471,0.0,20.24,0.229,4.635
4.482,0.0,20.24,0.229,4.635
4.493,0.0,20.24,0.231,4.675
4.504,0.0,20.24,0.232,4.696
4.515,0.0,20.24,0.23,4.655
4.526,0.0,20.236,0.23,4.654
4.537,0.0,20.24,0.232,4.696
4.547,0.0,20.236,0.228,4.614
4.559,0.0,20.236,0.229,4.634
4.569,0.0,20.236,0.23,4.654
4.58,0.0,20.236,0.232,4.695
4.591,0.0,20.236,0.23,4.654
4.601,0.0,20.236,0.232,4.695
4.612,0.0,20.236,0.23,4.654
4.624,0.0,20.24,0.228,4.615
4.634,0.0,20.24,0.232,4.696
4.645,0.0,20.236,0.231,4.675
4.657,0.0,20.24,0.23,4.655
4.667,0.0,20.24,0.23,4.655
4.678,0.0,20.24,0.231,4.675
4.689,0.0,20.236,0.227,4.594
4.7,0.0,20.236,0.23,4.654
4.71,0.0,20.236,0.232,4.695
4.722,0.0,20.236,0.232,4.695
4.732,0.0,20.236,0.229,4.634
4.743,0.0,20.236,0.228,4.614
4.755,0.0,20.24,0.229,4.635
4.765,0.0,20.24,0.231,4.675
4.776,0.0,20.236,0.231,4.675
4.787,0.0,20.236,0.232,4.695
4.798,0.0,20.236,0.23,4.654
4.809,0.0,20.236,0.23,4.654
4.82,0.0,20.236,0.228,4.614
4.831,0.0,20.24,0.227,4.594
4.841,0.0,20.236,0.229,4.634
4.852,0.0,20.236,0.23,4.654
4.862,0.0,20.236,0.231,4.675
4.873,0.0,20.24,0.231,4.675
4.884,0.0,20.236,0.232,4.695
4.894,0.0,20.24,0.231,4.675
4.905,0.0,20.236,0.231,4.675
4.916,0.0,20.24,0.235,4.756
4.927,0.0,20.24,0.233,4.716
4.937,0.0,20.236,0.233,4.715
4.948,0.0,20.236,0.227,4.594
4.959,0.0,20.236,0.231,4.675
4.97,0.0,20.24,0.229,4.635
4.981,0.0,20.236,0.231,4.675
4.992,0.0,20.236,0.231,4.675
5.003,0.0,20.24,0.23,4.655
5.014,0.0,20.236,0.232,4.695
5.025,0.0,20.24,0.23,4.655
5.035,0.0,20.236,0.229,4.634
5.047,0.0,20.236,0.229,4.634
5.058,0.0,20.236,0.23,4.654
5.068,0.0,20.24,0.228,4.615
5.08,0.0,20.24,0.229,4.635
5.091,0.0,20.236,0.229,4.634
5.101,0.0,20.236,0.228,4.614
5.113,0.0,20.236,0.234,4.735
5.124,0.0,20.24,0.233,4.716
5.134,0.0,20.236,0.23,4.654
5.146,0.0,20.236,0.233,4.715
5.157,0.0,20.236,0.231,4.675
5.168,0.0,20.236,0.23,4.654
5.179,0.0,20.236,0.229,4.634
5.19,0.0,20.236,0.233,4.715
5.201,0.0,20.236,0.229,4.634
5.212,0.0,20.236,0.231,4.675
5.223,0.0,20.232,0.231,4.674
5.234,0.0,20.24,0.231,4.675
5.245,0.0,20.24,0.231,4.675
5.256,0.0,20.24,0.229,4.635
5.267,0.0,20.236,0.231,4.675
5.278,0.0,20.24,0.23,4.655
5.289,0.0,20.24,0.23,4.655
5.3,0.0,20.236,0.227,4.594
5.312,0.0,20.24,0.229,4.635
5.322,0.0,20.236,0.232,4.695
5.334,0.0,20.236,0.229,4.634
5.345,0.0,20.236,0.228,4.614
5.355,0.0,20.236,0.227,4.594
5.367,0.0,20.236,0.229,4.634
5.378,0.0,20.24,0.229,4.635
5.389,0.0,20.236,0.228,4.614
5.399,0.0,20.236,0.227,4.594
5.411,0.0,20.236,0.232,4.695
5.422,0.0,20.236,0.228,4.614
5.432,0.0,20.236,0.231,4.675
5.444,0.0,20.236,0.23,4.654
5.455,0.0,20.236,0.228,4.614
5.465,0.0,20.236,0.229,4.634
5.477,0.0,20.236,0.228,4.614
5.487,0.0,20.236,0.229,4.634
5.498,0.0,20.24,0.23,4.655
5.509,0.0,20.236,0.23,4.654
5.52,0.0,20.236,0.233,4.715
5.531,0.0,20.236,0.231,4.675
5.542,0.0,20.236,0.229,4.634
5.553,0.0,20.236,0.228,4.614
5.564,0.0,20.236,0.23,4.654
5.575,0.0,20.236,0.232,4.695
5.586,0.0,20.236,0.226,4.573
5.597,0.0,20.236,0.229,4.634
5.608,0.0,20.236,0.23,4.654
5.619,0.0,20.236,0.227,4.594
5.629,0.0,20.236,0.225,4.553
5.641,0.0,20.236,0.228,4.614
5.652,0.0,20.236,0.231,4.675
5.663,0.0,20.236,0.231,4.675
5.674,0.0,20.24,0.232,4.696
5.685,0.0,20.236,0.23,4.654
5.696,0.0,20.236,0.228,4.614
5.707,0.0,20.236,0.228,4.614
5.718,0.0,20.236,0.23,4.654
5.728,0.0,20.236,0.232,4.695
5.74,0.0,20.236,0.23,4.654
5.751,0.0,20.24,0.23,4.655
5.761,0.0,20.236,0.227,4.594
5.773,0.0,20.236,0.231,4.675
5.783,0.0,20.236,0.227,4.594
5.794,0.0,20.236,0.231,4.675
5.806,0.0,20.24,0.233,4.716
5.816,0.0,20.24,0.229,4.635
5.827,0.0,20.236,0.228,4.614
5.839,0.0,20.236,0.224,4.533
5.849,0.0,20.236,0.23,4.654
5.86,0.0,20.236,0.228,4.614
5.872,0.0,20.236,0.229,4.634
5.882,0.0,20.236,0.232,4.695
5.893,0.0,20.236,0.231,4.675
5.905,0.0,20.236,0.231,4.675
5.915,0.0,20.236,0.226,4.573
5.926,0.0,20.236,0.23,4.654
5.937,0.0,20.236,0.229,4.634
5.947,0.0,20.236,0.231,4.675
5.957,0.0,20.236,0.231,4.675
5.967,0.0,20.236,0.231,4.675
5.977,0.0,20.24,0.233,4.716
5.987,0.0,20.236,0.231,4.675
5.997,0.0,20.236,0.233,4.715
6.007,0.0,20.24,0.227,4.594
6.017,0.0,20.24,0.231,4.675
6.028,0.0,20.24,0.234,4.736
6.039,0.0,20.236,0.23,4.654
6.049,0.0,20.236,0.229,4.634
6.061,0.0,20.236,0.227,4.594
6.072,0.0,20.236,0.229,4.634
6.082,0.0,20.24,0.232,4.696
6.094,0.0,20.236,0.232,4.695
6.105,0.0,20.236,0.233,4.715
6.116,0.0,20.236,0.227,4.594
6.127,0.0,20.24,0.232,4.696
6.138,0.0,20.236,0.227,4.594
6.148,0.0,20.236,0.23,4.654
6.16,0.0,20.24,0.229,4.635
6.171,0.0,20.24,0.23,4.655
6.181,0.0,20.236,0.233,4.715
6.193,0.0,20.236,0.233,4.715
6.204,0.0,20.236,0.232,4.695
6.214,0.0,20.236,0.23,4.654
6.226,0.0,20.24,0.234,4.736
6.237,0.0,20.236,0.23,4.654
6.247,0.0,20.236,0.23,4.654
6.259,0.0,20.24,0.231,4.675
6.269,0.0,20.24,0.233,4.716
6.28,0.0,20.236,0.232,4.695
6.291,0.0,20.24,0.229,4.635
6.302,0.0,20.236,0.234,4.735
6.312,0.0,20.236,0.231,4.675
6.324,0.0,20.236,0.232,4.695
6.335,0.0,20.236,0.231,4.675
6.346,0.0,20.236,0.23,4.654
6.358,0.0,20.24,0.23,4.655
6.368,0.0,20.236,0.232,4.695
6.379,0.0,20.236,0.228,4.614
6.391,0.0,20.236,0.231,4.675
6.401,0.0,20.236,0.233,4.715
6.412,0.0,20.236,0.231,4.675
6.424,0.0,20.24,0.229,4.635
6.435,0.0,20.232,0.231,4.674
6.446,0.0,20.236,0.23,4.654
6.457,0.0,20.24,0.229,4.635
6.467,0.0,20.236,0.231,4.675
6.478,0.0,20.24,0.232,4.696
6.489,0.0,20.236,0.228,4.614
6.499,0.0,20.236,0.231,4.675
6.51,0.0,20.24,0.232,4.696
6.521,0.0,20.236,0.231,4.675
6.531,0.0,20.24,0.232,4.696
6.542,0.0,20.24,0.227,4.594
6.553,0.0,20.24,0.232,4.696
6.563,0.0,20.236,0.228,4.614
6.573,0.0,20.236,0.23,4.654
6.587,0.0,20.236,0.23,4.654
6.598,0.0,20.24,0.228,4.615
6.609,0.0,20.236,0.234,4.735
6.62,0.0,20.24,0.228,4.615
6.63,0.0,20.24,0.231,4.675
6.64,0.0,20.236,0.229,4.634
6.651,0.0,20.236,0.231,4.675
6.66,0.0,20.236,0.231,4.675
6.67,0.0,20.236,0.229,4.634
6.68,0.0,20.236,0.232,4.695
6.69,0.0,20.236,0.23,4.654
6.7,0.0,20.236,0.229,4.634
6.71,0.0,20.236,0.23,4.654
6.72,0.0,20.236,0.229,4.634
6.729,0.0,20.236,0.231,4.675
6.737,0.0,20.236,0.229,4.634
6.746,0.0,20.236,0.23,4.654
6.753,0.0,20.24,0.231,4.675
6.761,0.0,20.236,0.234,4.735
6.769,0.0,20.24,0.229,4.635
6.777,0.0,20.24,0.231,4.675
6.785,0.0,20.24,0.231,4.675
6.792,0.0,20.236,0.228,4.614
6.8,0.0,20.24,0.233,4.716
6.808,0.0,20.236,0.229,4.634
6.816,0.0,20.24,0.228,4.615
6.823,0.0,20.24,0.228,4.615
6.831,0.0,20.24,0.234,4.736
6.84,0.0,20.236,0.23,4.654
6.847,0.0,20.236,0.229,4.634
6.855,0.0,20.24,0.233,4.716
6.863,0.0,20.24,0.234,4.736
6.871,0.0,20.236,0.231,4.675
6.879,0.0,20.24,0.23,4.655
6.886,0.0,20.236,0.235,4.755
6.894,0.0,20.236,0.23,4.654
6.903,0.0,20.24,0.23,4.655
6.911,0.0,20.236,0.23,4.654
6.919,0.0,20.236,0.23,4.654
6.927,0.0,20.24,0.231,4.675
6.936,0.0,20.24,0.233,4.716
6.944,0.0,20.24,0.229,4.635
6.952,0.0,20.236,0.229,4.634
6.96,0.0,20.24,0.231,4.675
6.969,0.0,20.24,0.229,4.635
6.977,0.0,20.24,0.23,4.655
6.985,0.0,20.24,0.225,4.554
6.993,0.0,20.236,0.231,4.675
7.002,0.0,20.236,0.228,4.614
7.01,0.0,20.236,0.23,4.654
7.017,0.0,20.236,0.233,4.715
7.026,0.0,20.24,0.23,4.655
7.034,0.0,20.236,0.229,4.634
7.041,0.0,20.24,0.23,4.655
7.049,0.0,20.236,0.231,4.675
7.057,0.0,20.236,0.226,4.573
7.065,0.0,20.236,0.231,4.675
7.073,0.0,20.24,0.229,4.635
7.08,0.0,20.236,0.227,4.594
7.089,0.0,20.24,0.229,4.635
7.097,0.0,20.236,0.232,4.695
7.105,0.0,20.24,0.23,4.655
7.113,0.0,20.236,0.231,4.675
7.121,0.0,20.236,0.228,4.614
7.13,0.0,20.236,0.229,4.634
7.138,0.0,20.236,0.227,4.594
7.145,0.0,20.236,0.23,4.654
7.153,0.0,20.236,0.229,4.634
7.162,0.0,20.236,0.231,4.675
7.17,0.0,20.236,0.229,4.634
7.178,0.0,20.236,0.228,4.614
7.186,0.0,20.236,0.229,4.634
7.194,0.0,20.24,0.231,4.675
7.202,0.0,20.236,0.228,4.614
7.21,0.0,20.236,0.228,4.614
7.218,0.0,20.24,0.234,4.736
7.227,0.0,20.236,0.23,4.654
7.235,0.0,20.236,0.229,4.634
7.243,0.0,20.236,0.23,4.654
7.251,0.0,20.236,0.229,4.634
7.26,0.0,20.24,0.23,4.655
7.268,0.0,20.236,0.229,4.634
7.275,0.0,20.24,0.23,4.655
7.283,0.0,20.236,0.229,4.634
7.292,0.0,20.236,0.229,4.634
7.3,0.0,20.24,0.229,4.635
7.308,0.0,20.24,0.228,4.615
7.316,0.0,20.232,0.232,4.694
7.324,0.0,20.236,0.227,4.594
7.332,0.0,20.236,0.227,4.594
7.34,0.0,20.236,0.228,4.614
7.348,0.0,20.236,0.228,4.614
7.357,0.0,20.236,0.229,4.634
7.365,0.0,20.24,0.229,4.635
7.373,0.0,20.236,0.23,4.654
7.381,0.0,20.236,0.231,4.675
7.389,0.0,20.236,0.233,4.715
7.397,0.0,20.236,0.228,4.614
7.405,0.0,20.24,0.23,4.655
7.413,0.0,20.236,0.229,4.634
7.422,0.0,20.24,0.227,4.594
7.43,0.0,20.236,0.228,4.614
7.438,0.0,20.24,0.225,4.554
7.449,0.0,20.236,0.227,4.594
7.46,0.0,20.236,0.229,4.634
7.471,0.0,20.236,0.228,4.614
7.482,0.0,20.236,0.228,4.614
7.493,0.0,20.236,0.229,4.634
7.503,0.0,20.236,0.226,4.573
7.514,0.0,20.236,0.23,4.654
7.526,0.0,20.236,0.227,4.594
7.536,0.0,20.236,0.229,4.634
7.547,0.0,20.236,0.228,4.614
7.559,0.0,20.236,0.228,4.614
7.569,0.0,20.236,0.229,4.634
7.58,0.0,20.24,0.23,4.655
7.591,0.0,20.236,0.227,4.594
7.602,0.0,20.236,0.229,4.634
7.613,0.0,20.24,0.23,4.655
7.624,0.0,20.24,0.226,4.574
7.635,0.0,20.236,0.228,4.614
7.645,0.0,20.236,0.228,4.614
7.657,0.0,20.236,0.227,4.594
7.667,0.0,20.236,0.228,4.614
7.678,0.0,20.24,0.229,4.635
7.69,0.0,20.232,0.229,4.633
7.7,0.0,20.236,0.228,4.614
7.711,0.0,20.236,0.232,4.695
7.723,0.0,20.236,0.232,4.695
7.733,0.0,20.236,0.229,4.634
7.743,0.0,20.236,0.229,4.634
7.754,0.0,20.24,0.231,4.675
7.764,0.0,20.236,0.227,4.594
7.773,0.0,20.236,0.228,4.614
7.784,0.0,20.236,0.229,4.634
7.794,0.0,20.24,0.231,4.675
7.804,0.0,20.24,0.227,4.594
7.815,0.0,20.24,0.23,4.655
7.825,0.0,20.232,0.23,4.653
7.834,0.0,20.236,0.226,4.573
7.846,0.0,20.24,0.231,4.675
7.857,0.0,20.236,0.226,4.573
7.867,0.0,20.236,0.228,4.614
7.879,0.0,20.236,0.228,4.614
7.889,0.0,20.236,0.228,4.614
7.9,0.0,20.236,0.232,4.695
7.911,0.0,20.24,0.225,4.554
7.922,0.0,20.236,0.229,4.634
7.933,0.0,20.236,0.229,4.634
7.944,0.0,20.236,0.226,4.573
7.955,0.0,20.236,0.229,4.634
7.966,0.0,20.236,0.228,4.614
7.977,0.0,20.24,0.229,4.635
7.988,0.0,20.236,0.226,4.573
7.999,0.0,20.236,0.231,4.675
8.01,0.0,20.24,0.227,4.594
8.021,0.0,20.24,0.23,4.655
8.031,0.0,20.24,0.227,4.594
8.043,0.0,20.236,0.227,4.594
8.054,0.0,20.24,0.227,4.594
8.065,0.0,20.236,0.228,4.614
8.076,0.0,20.236,0.229,4.634
8.087,0.0,20.236,0.227,4.594
8.097,0.0,20.236,0.229,4.634
8.109,0.0,20.236,0.23,4.654
8.12,0.0,20.236,0.225,4.553
8.13,0.0,20.236,0.231,4.675
8.142,0.0,20.24,0.228,4.615
8.153,0.0,20.24,0.232,4.696
8.163,0.0,20.24,0.229,4.635
8.175,0.0,20.236,0.23,4.654
8.186,0.0,20.24,0.229,4.635
8.196,0.0,20.236,0.227,4.594
8.208,0.0,20.24,0.231,4.675
8.219,0.0,20.236,0.226,4.573
8.229,0.0,20.236,0.231,4.675
8.241,0.0,20.236,0.228,4.614
8.252,0.0,20.236,0.232,4.695
8.262,0.0,20.24,0.228,4.615
8.274,0.0,20.236,0.229,4.634
8.285,0.0,20.24,0.231,4.675
8.298,0.0,20.24,0.231,4.675
8.309,0.0,20.236,0.229,4.634
8.319,0.0,20.236,0.228,4.614
8.33,0.0,20.236,0.231,4.675
8.341,0.0,20.236,0.229,4.634
8.351,0.0,20.24,0.229,4.635
8.362,0.0,20.236,0.229,4.634
8.373,0.0,20.236,0.223,4.513
8.384,0.0,20.236,0.228,4.614
8.395,0.0,20.236,0.228,4.614
8.406,0.0,20.236,0.228,4.614
8.417,0.0,20.236,0.229,4.634
8.427,0.0,20.236,0.226,4.573
8.439,0.0,20.236,0.23,4.654
8.449,0.0,20.236,0.229,4.634
8.46,0.0,20.236,0.229,4.634
8.471,0.0,20.236,0.227,4.594
8.482,0.0,20.24,0.225,4.554
8.492,0.0,20.24,0.229,4.635
8.504,0.0,20.24,0.228,4.615
8.514,0.0,20.24,0.226,4.574
8.525,0.0,20.236,0.228,4.614
8.536,0.0,20.236,0.229,4.634
8.547,0.0,20.24,0.227,4.594
8.558,0.0,20.236,0.228,4.614
8.569,0.0,20.236,0.227,4.594
8.58,0.0,20.236,0.229,4.634
8.59,0.0,20.236,0.228,4.614
8.602,0.0,20.236,0.225,4.553
8.612,0.0,20.236,0.224,4.533
8.623,0.0,20.24,0.224,4.534
8.634,0.0,20.236,0.229,4.634
8.645,0.0,20.236,0.227,4.594
8.655,0.0,20.24,0.228,4.615
8.667,0.0,20.236,0.224,4.533
8.677,0.0,20.236,0.224,4.533
8.688,0.0,20.24,0.226,4.574
8.699,0.0,20.236,0.229,4.634
8.71,0.0,20.236,0.227,4.594
8.721,0.0,20.236,0.229,4.634
8.732,0.0,20.24,0.229,4.635
8.743,0.0,20.236,0.228,4.614
8.753,0.0,20.236,0.224,4.533
8.765,0.0,20.24,0.226,4.574
8.775,0.0,20.24,0.229,4.635
8.786,0.0,20.236,0.231,4.675
8.798,0.0,20.236,0.228,4.614
8.808,0.0,20.24,0.228,4.615
8.819,0.0,20.236,0.228,4.614
8.831,0.0,20.236,0.226,4.573
8.841,0.0,20.236,0.229,4.634
8.852,0.0,20.236,0.225,4.553
8.863,0.0,20.236,0.226,4.573
8.874,0.0,20.236,0.227,4.594
8.885,0.0,20.236,0.224,4.533
8.896,0.0,20.236,0.229,4.634
8.907,0.0,20.236,0.23,4.654
8.917,0.0,20.24,0.226,4.574
8.929,0.0,20.236,0.225,4.553
8.939,0.0,20.24,0.226,4.574
8.95,0.0,20.236,0.227,4.594
8.961,0.0,20.24,0.228,4.615
8.972,0.0,20.236,0.227,4.594
8.982,0.0,20.236,0.227,4.594
8.994,0.0,20.236,0.229,4.634
9.004,0.0,20.24,0.227,4.594
9.015,0.0,20.24,0.229,4.635
9.026,0.0,20.24,0.23,4.655
9.037,0.0,20.236,0.226,4.573
9.048,0.0,20.24,0.228,4.615
9.059,0.0,20.236,0.228,4.614
9.07,0.0,20.24,0.23,4.655
9.081,0.0,20.236,0.227,4.594
9.092,0.0,20.24,0.228,4.615
9.102,0.0,20.236,0.229,4.634
9.113,0.0,20.236,0.229,4.634
9.125,0.0,20.236,0.228,4.614
9.135,0.0,20.236,0.227,4.594
9.146,0.0,20.236,0.226,4.573
9.158,0.0,20.236,0.227,4.594
9.168,0.0,20.24,0.224,4.534
9.179,0.0,20.236,0.227,4.594
9.191,0.0,20.236,0.223,4.513
9.201,0.0,20.236,0.227,4.594
9.212,0.0,20.236,0.231,4.675
9.223,0.0,20.236,0.229,4.634
9.234,0.0,20.232,0.229,4.633
9.245,0.0,20.236,0.229,4.634
9.256,0.0,20.236,0.227,4.594
9.267,0.0,20.236,0.225,4.553
9.278,0.0,20.236,0.227,4.594
9.289,0.0,20.236,0.227,4.594
9.299,0.0,20.236,0.226,4.573
9.31,0.0,20.236,0.227,4.594
9.322,0.0,20.232,0.227,4.593
9.332,0.0,20.24,0.226,4.574
9.343,0.0,20.236,0.229,4.634
9.354,0.0,20.236,0.227,4.594
9.365,0.0,20.236,0.23,4.654
9.376,0.0,20.236,0.223,4.513
9.387,0.0,20.236,0.228,4.614
9.398,0.0,20.24,0.228,4.615
9.409,0.0,20.236,0.224,4.533
9.421,0.0,20.236,0.23,4.654
9.432,0.0,20.236,0.227,4.594
9.443,0.0,20.236,0.227,4.594
9.454,0.0,20.236,0.228,4.614
9.465,0.0,20.232,0.228,4.613
9.475,0.0,20.236,0.228,4.614
9.486,0.0,20.236,0.226,4.573
9.497,0.0,20.236,0.229,4.634
9.508,0.0,20.236,0.225,4.553
9.519,0.0,20.236,0.23,4.654
9.529,0.0,20.236,0.224,4.533
9.54,0.0,20.236,0.228,4.614
9.551,0.0,20.236,0.229,4.634
9.562,0.0,20.236,0.227,4.594
9.573,0.0,20.236,0.23,4.654
9.584,0.0,20.24,0.227,4.594
9.594,0.0,20.236,0.231,4.675
9.606,0.0,20.24,0.226,4.574
9.616,0.0,20.236,0.227,4.594
9.627,0.0,20.24,0.227,4.594
9.638,0.0,20.236,0.227,4.594
9.649,0.0,20.24,0.23,4.655
9.66,0.0,20.24,0.226,4.574
9.671,0.0,20.236,0.231,4.675
9.682,0.0,20.236,0.224,4.533
9.693,0.0,20.236,0.224,4.533
9.704,0.0,20.24,0.232,4.696
9.715,0.0,20.236,0.226,4.573
9.725,0.0,20.236,0.23,4.654
9.737,0.0,20.236,0.229,4.634
9.748,0.0,20.24,0.23,4.655
9.759,0.0,20.236,0.224,4.533
9.77,0.0,20.24,0.223,4.514
9.781,0.0,20.236,0.228,4.614
9.791,0.0,20.24,0.226,4.574
9.802,0.0,20.236,0.228,4.614
9.813,0.0,20.236,0.228,4.614
9.823,0.0,20.236,0.222,4.492
9.835,0.0,20.236,0.225,4.553
9.846,0.0,20.236,0.227,4.594
9.856,0.0,20.236,0.228,4.614
9.867,0.0,20.236,0.227,4.594
9.877,0.0,20.236,0.227,4.594
9.888,0.0,20.236,0.229,4.634
9.899,0.0,20.236,0.228,4.614
9.909,0.0,20.24,0.228,4.615
9.92,0.0,20.236,0.224,4.533
9.93,0.0,20.236,0.225,4.553
9.942,0.0,20.24,0.225,4.554
9.952,0.0,20.236,0.228,4.614
9.962,0.0,20.236,0.229,4.634
9.972,0.0,20.236,0.228,4.614
9.981,0.0,20.236,0.226,4.573
9.991,0.0,20.236,0.224,4.533
10.001,0.0,20.24,0.227,4.594
10.011,0.0,20.24,0.225,4.554
10.02,0.0,20.236,0.226,4.573
10.031,0.0,20.24,0.228,4.615
10.04,0.0,20.236,0.228,4.614
10.05,0.0,20.236,0.226,4.573
10.061,0.0,20.24,0.226,4.574
10.072,0.0,20.24,0.224,4.534
10.083,0.0,20.236,0.226,4.573
10.094,0.0,20.236,0.226,4.573
10.105,0.0,20.236,0.226,4.573
10.115,0.0,20.236,0.228,4.614
10.127,0.0,20.24,0.226,4.574
10.138,0.0,20.24,0.229,4.635
10.148,0.0,20.236,0.228,4.614
10.157,0.0,20.24,0.228,4.615
10.165,0.0,20.24,0.228,4.615
10.173,0.0,20.236,0.224,4.533
10.181,0.0,20.236,0.226,4.573
10.189,0.0,20.236,0.225,4.553
10.197,0.0,20.24,0.226,4.574
10.205,0.0,20.236,0.228,4.614
10.212,0.0,20.24,0.225,4.554
10.221,0.0,20.236,0.227,4.594
10.229,0.0,20.24,0.225,4.554
10.236,0.0,20.236,0.226,4.573
10.244,0.0,20.236,0.225,4.553
10.252,0.0,20.236,0.227,4.594
10.26,0.0,20.24,0.227,4.594
10.268,0.0,20.236,0.227,4.594
10.276,0.0,20.24,0.229,4.635
10.284,0.0,20.236,0.227,4.594
10.292,0.0,20.24,0.226,4.574
10.3,0.0,20.236,0.224,4.533
10.307,0.0,20.236,0.228,4.614
10.315,0.0,20.232,0.227,4.593
10.324,0.0,20.236,0.226,4.573
10.331,0.0,20.236,0.229,4.634
10.339,0.0,20.236,0.23,4.654
10.347,0.0,20.236,0.228,4.614
10.355,0.0,20.236,0.229,4.634
10.363,0.0,20.236,0.228,4.614
10.37,0.0,20.24,0.229,4.635
10.378,0.0,20.24,0.228,4.615
10.387,0.0,20.236,0.225,4.553
10.394,0.0,20.24,0.227,4.594
10.402,0.0,20.24,0.228,4.615
10.41,0.0,20.24,0.228,4.615
10.418,0.0,20.24,0.229,4.635
10.426,0.0,20.236,0.225,4.553
10.433,0.0,20.236,0.229,4.634
10.441,0.0,20.236,0.231,4.675
10.454,0.0,20.24,0.224,4.534
10.462,0.0,20.232,0.227,4.593
10.47,0.0,20.236,0.226,4.573
10.478,0.0,20.236,0.227,4.594
10.487,0.0,20.236,0.228,4.614
10.494,0.0,20.236,0.229,4.634
10.502,0.0,20.236,0.229,4.634
10.511,0.0,20.236,0.229,4.634
10.519,0.0,20.236,0.228,4.614
10.527,0.0,20.236,0.228,4.614
10.535,0.0,20.24,0.229,4.635
10.544,0.0,20.236,0.229,4.634
10.552,0.0,20.236,0.228,4.614
10.559,0.0,20.24,0.23,4.655
10.567,0.0,20.236,0.226,4.573
10.576,0.0,20.236,0.227,4.594
10.584,0.0,20.24,0.226,4.574
10.592,0.0,20.236,0.223,4.513
10.6,0.0,20.236,0.226,4.573
10.609,0.0,20.236,0.226,4.573
10.617,0.0,20.24,0.223,4.514
10.624,0.0,20.236,0.226,4.573
10.632,0.0,20.24,0.226,4.574
10.641,0.0,20.236,0.227,4.594
10.649,0.0,20.236,0.23,4.654
10.657,0.0,20.24,0.225,4.554
10.665,0.0,20.24,0.226,4.574
10.674,0.0,20.24,0.225,4.554
10.682,0.0,20.236,0.227,4.594
10.689,0.0,20.236,0.228,4.614
10.697,0.0,20.236,0.228,4.614
10.706,0.0,20.24,0.227,4.594
10.714,0.0,20.236,0.225,4.553
10.722,0.0,20.24,0.224,4.534
10.73,0.0,20.236,0.226,4.573
10.739,0.0,20.24,0.228,4.615
10.747,0.0,20.236,0.224,4.533
10.754,0.0,20.236,0.227,4.594
10.762,0.0,20.236,0.224,4.533
10.771,0.0,20.236,0.224,4.533
10.779,0.0,20.236,0.227,4.594
10.787,0.0,20.24,0.226,4.574
10.795,0.0,20.24,0.224,4.534
10.804,0.0,20.236,0.228,4.614
10.812,0.0,20.236,0.226,4.573
10.819,0.0,20.236,0.227,4.594
10.827,0.0,20.236,0.224,4.533
10.836,0.0,20.236,0.227,4.594
10.844,0.0,20.236,0.225,4.553
10.852,0.0,20.236,0.224,4.533
10.861,0.0,20.236,0.227,4.594
10.873,0.0,20.236,0.226,4.573
10.884,0.0,20.236,0.227,4.594
10.894,0.0,20.236,0.225,4.553
10.906,0.0,20.236,0.225,4.553
10.917,0.0,20.236,0.223,4.513
10.927,0.0,20.24,0.226,4.574
10.939,0.0,20.236,0.226,4.573
10.95,0.0,20.236,0.223,4.513
10.96,0.0,20.236,0.226,4.573
10.972,0.0,20.24,0.224,4.534
10.983,0.0,20.236,0.226,4.573
10.993,0.0,20.236,0.225,4.553
11.005,0.0,20.236,0.226,4.573
11.015,0.0,20.236,0.227,4.594
11.026,0.0,20.236,0.226,4.573
11.038,0.0,20.24,0.228,4.615
11.048,0.0,20.24,0.224,4.534
11.059,0.0,20.236,0.223,4.513
11.07,0.0,20.24,0.229,4.635
11.081,0.0,20.236,0.227,4.594
11.091,0.0,20.24,0.225,4.554
11.103,0.0,20.236,0.218,4.411
11.114,0.0,20.236,0.228,4.614
11.124,0.0,20.24,0.226,4.574
11.136,0.0,20.236,0.222,4.492
11.147,0.0,20.236,0.228,4.614
11.157,0.0,20.236,0.223,4.513
11.169,0.0,20.236,0.227,4.594
11.18,0.0,20.24,0.22,4.453
11.19,0.0,20.236,0.227,4.594
11.202,0.0,20.24,0.226,4.574
11.212,0.0,20.236,0.226,4.573
11.223,0.0,20.232,0.226,4.572
11.235,0.0,20.236,0.229,4.634
11.245,0.0,20.236,0.226,4.573
11.256,0.0,20.236,0.225,4.553
11.268,0.0,20.24,0.226,4.574
11.278,0.0,20.236,0.225,4.553
11.289,0.0,20.236,0.226,4.573
11.3,0.0,20.236,0.228,4.614
11.311,0.0,20.24,0.225,4.554
11.322,0.0,20.236,0.228,4.614
11.333,0.0,20.24,0.227,4.594
11.343,0.0,20.236,0.228,4.614
11.354,0.0,20.236,0.228,4.614
11.366,0.0,20.236,0.228,4.614
11.376,0.0,20.236,0.226,4.573
11.387,0.0,20.24,0.226,4.574
11.399,0.0,20.24,0.231,4.675
11.409,0.0,20.24,0.227,4.594
11.42,0.0,20.236,0.225,4.553
11.431,0.0,20.236,0.228,4.614
11.442,0.0,20.24,0.227,4.594
11.453,0.0,20.236,0.227,4.594
11.464,0.0,20.236,0.226,4.573
11.475,0.0,20.24,0.228,4.615
11.485,0.0,20.236,0.224,4.533
11.496,0.0,20.236,0.226,4.573
11.508,0.0,20.236,0.227,4.594
11.518,0.0,20.236,0.225,4.553
11.529,0.0,20.24,0.226,4.574
11.54,0.0,20.236,0.225,4.553
11.551,0.0,20.24,0.226,4.574
11.562,0.0,20.24,0.224,4.534
11.573,0.0,20.236,0.228,4.614
11.584,0.0,20.24,0.227,4.594
11.594,0.0,20.236,0.227,4.594
11.606,0.0,20.236,0.227,4.594
11.617,0.0,20.236,0.226,4.573
11.627,0.0,20.236,0.227,4.594
11.639,0.0,20.232,0.226,4.572
11.649,0.0,20.24,0.226,4.574
11.66,0.0,20.236,0.224,4.533
11.672,0.0,20.24,0.225,4.554
11.682,0.0,20.236,0.225,4.553
11.693,0.0,20.236,0.226,4.573
11.704,0.0,20.236,0.229,4.634
11.715,0.0,20.236,0.224,4.533
11.725,0.0,20.236,0.228,4.614
11.736,0.0,20.24,0.227,4.594
11.746,0.0,20.236,0.225,4.553
11.757,0.0,20.236,0.226,4.573
11.768,0.0,20.232,0.224,4.532
11.778,0.0,20.236,0.227,4.594
11.789,0.0,20.24,0.225,4.554
11.8,0.0,20.24,0.228,4.615
11.81,0.0,20.236,0.225,4.553
11.821,0.0,20.236,0.225,4.553
11.832,0.0,20.236,0.225,4.553
11.842,0.0,20.236,0.225,4.553
11.852,0.0,20.236,0.229,4.634
11.864,0.0,20.236,0.226,4.573
11.874,0.0,20.236,0.228,4.614
11.885,0.0,20.236,0.226,4.573
11.896,0.0,20.24,0.228,4.615
11.906,0.0,20.236,0.226,4.573
11.916,0.0,20.232,0.224,4.532
11.927,0.0,20.236,0.227,4.594
11.938,0.0,20.236,0.227,4.594
11.948,0.0,20.236,0.227,4.594
11.959,0.0,20.24,0.225,4.554
11.97,0.0,20.236,0.226,4.573
11.98,0.0,20.236,0.226,4.573
11.991,0.0,20.236,0.226,4.573
12.003,0.0,20.236,0.228,4.614
12.013,0.0,20.236,0.227,4.594
12.023,0.0,20.236,0.229,4.634
12.035,0.0,20.24,0.227,4.594
12.045,0.0,20.24,0.229,4.635
12.055,0.0,20.236,0.226,4.573
12.066,0.0,20.236,0.225,4.553
12.077,0.0,20.24,0.228,4.615
12.087,0.0,20.236,0.226,4.573
12.098,0.0,20.236,0.227,4.594
12.108,0.0,20.236,0.226,4.573
12.119,0.0,20.232,0.229,4.633
12.13,0.0,20.24,0.225,4.554
12.14,0.0,20.236,0.229,4.634
12.151,0.0,20.236,0.228,4.614
12.162,0.0,20.236,0.228,4.614
12.172,0.0,20.24,0.23,4.655
12.182,0.0,20.236,0.229,4.634
12.194,0.0,20.236,0.229,4.634
12.204,0.0,20.236,0.228,4.614
12.214,0.0,20.236,0.224,4.533
12.225,0.0,20.24,0.225,4.554
12.236,0.0,20.236,0.226,4.573
12.246,0.0,20.24,0.228,4.615
12.257,0.0,20.236,0.229,4.634
12.268,0.0,20.24,0.226,4.574
12.278,0.0,20.24,0.228,4.615
12.289,0.0,20.236,0.227,4.594
12.3,0.0,20.24,0.228,4.615
12.31,0.0,20.236,0.229,4.634
12.321,0.0,20.236,0.225,4.553
12.332,0.0,20.236,0.229,4.634
12.342,0.0,20.236,0.226,4.573
12.353,0.0,20.236,0.227,4.594
12.364,0.0,20.236,0.227,4.594
12.374,0.0,20.236,0.227,4.594
12.385,0.0,20.236,0.23,4.654
12.396,0.0,20.236,0.224,4.533
12.406,0.0,20.236,0.226,4.573
12.417,0.0,20.24,0.229,4.635
12.428,0.0,20.24,0.23,4.655
12.438,0.0,20.236,0.226,4.573
12.449,0.0,20.24,0.225,4.554
12.46,0.0,20.236,0.229,4.634
12.471,0.0,20.236,0.227,4.594
12.482,0.0,20.236,0.228,4.614
12.493,0.0,20.236,0.225,4.553
12.504,0.0,20.24,0.227,4.594
12.515,0.0,20.236,0.227,4.594
12.526,0.0,20.24,0.227,4.594
12.537,0.0,20.236,0.228,4.614
12.548,0.0,20.236,0.228,4.614
12.559,0.0,20.236,0.228,4.614
12.57,0.0,20.236,0.229,4.634
12.581,0.0,20.236,0.226,4.573
12.592,0.0,20.236,0.229,4.634
12.603,0.0,20.236,0.229,4.634
12.614,0.0,20.236,0.23,4.654
12.625,0.0,20.236,0.228,4.614
12.636,0.0,20.236,0.228,4.614
12.646,0.0,20.236,0.226,4.573
12.658,0.0,20.236,0.228,4.614
12.668,0.0,20.236,0.227,4.594
12.679,0.0,20.236,0.226,4.573
12.691,0.0,20.236,0.228,4.614
12.701,0.0,20.236,0.227,4.594
12.712,0.0,20.24,0.229,4.635
12.723,0.0,20.236,0.226,4.573
12.734,0.0,20.24,0.226,4.574
12.745,0.0,20.236,0.228,4.614
12.756,0.0,20.236,0.228,4.614
12.767,0.0,20.236,0.229,4.634
12.777,0.0,20.24,0.227,4.594
12.789,0.0,20.236,0.23,4.654
12.8,0.0,20.24,0.223,4.514
12.81,0.0,20.236,0.23,4.654
12.822,0.0,20.236,0.228,4.614
12.832,0.0,20.24,0.225,4.554
12.843,0.0,20.236,0.232,4.695
12.855,0.0,20.24,0.227,4.594
12.865,0.0,20.24,0.229,4.635
12.876,0.0,20.236,0.225,4.553
12.887,0.0,20.236,0.229,4.634
12.898,0.0,20.236,0.228,4.614
12.909,0.0,20.236,0.229,4.634
12.92,0.0,20.236,0.229,4.634
12.93,0.0,20.236,0.225,4.553
12.941,0.0,20.236,0.227,4.594
12.952,0.0,20.236,0.225,4.553
12.963,0.0,20.236,0.229,4.634
12.973,0.0,20.24,0.23,4.655
12.985,0.0,20.236,0.224,4.533
12.995,0.0,20.24,0.228,4.615
13.006,0.0,20.236,0.227,4.594
13.018,0.0,20.232,0.228,4.613
13.028,0.0,20.236,0.228,4.614
13.039,0.0,20.24,0.226,4.574
13.051,0.0,20.236,0.226,4.573
13.061,0.0,20.24,0.226,4.574
13.072,0.0,20.236,0.227,4.594
13.083,0.0,20.24,0.226,4.574
13.094,0.0,20.236,0.227,4.594
13.105,0.0,20.236,0.229,4.634
13.117,0.0,20.24,0.23,4.655
13.127,0.0,20.24,0.228,4.615
13.138,0.0,20.232,0.226,4.572
13.15,0.0,20.236,0.226,4.573
13.16,0.0,20.236,0.225,4.553
13.172,0.0,20.236,0.228,4.614
13.183,0.0,20.236,0.227,4.594
13.193,0.0,20.236,0.227,4.594
13.205,0.0,20.236,0.227,4.594
13.216,0.0,20.24,0.229,4.635
13.226,0.0,20.236,0.229,4.634
13.238,0.0,20.24,0.227,4.594
13.249,0.0,20.236,0.227,4.594
13.259,0.0,20.236,0.228,4.614
13.27,0.0,20.236,0.227,4.594
13.281,0.0,20.236,0.227,4.594
13.292,0.0,20.24,0.228,4.615
13.303,0.0,20.236,0.224,4.533
13.315,0.0,20.236,0.228,4.614
13.325,0.0,20.236,0.227,4.594
13.337,0.0,20.236,0.231,4.675
13.348,0.0,20.236,0.227,4.594
13.358,0.0,20.24,0.23,4.655
13.37,0.0,20.236,0.227,4.594
13.381,0.0,20.236,0.229,4.634
13.391,0.0,20.236,0.224,4.533
13.403,0.0,20.236,0.227,4.594
13.414,0.0,20.236,0.228,4.614
13.425,0.0,20.236,0.226,4.573
13.436,0.0,20.24,0.227,4.594
13.447,0.0,20.236,0.226,4.573
13.458,0.0,20.236,0.226,4.573
13.469,0.0,20.24,0.227,4.594
13.48,0.0,20.24,0.224,4.534
13.491,0.0,20.236,0.227,4.594
13.503,0.0,20.236,0.229,4.634
13.513,0.0,20.236,0.229,4.634
13.524,0.0,20.236,0.225,4.553
13.536,0.0,20.236,0.225,4.553
13.546,0.0,20.236,0.229,4.634
13.557,0.0,20.236,0.226,4.573
13.568,0.0,20.236,0.227,4.594
13.579,0.0,20.236,0.225,4.553
13.59,0.0,20.236,0.225,4.553
13.601,0.0,20.24,0.229,4.635
13.612,0.0,20.236,0.226,4.573
13.623,0.0,20.24,0.231,4.675
13.634,0.0,20.236,0.226,4.573
13.645,0.0,20.236,0.229,4.634
13.656,0.0,20.236,0.226,4.573
13.668,0.0,20.232,0.225,4.552
13.678,0.0,20.236,0.228,4.614
13.689,0.0,20.24,0.228,4.615
13.701,0.0,20.236,0.226,4.573
13.712,0.0,20.236,0.228,4.614
13.723,0.0,20.236,0.23,4.654
13.734,0.0,20.236,0.229,4.634
13.745,0.0,20.24,0.228,4.615
13.756,0.0,20.236,0.23,4.654
13.767,0.0,20.24,0.227,4.594
13.778,0.0,20.236,0.226,4.573
13.79,0.0,20.236,0.229,4.634
13.801,0.0,20.236,0.227,4.594
13.811,0.0,20.236,0.226,4.573
13.823,0.0,20.236,0.23,4.654
13.834,0.0,20.236,0.226,4.573
13.844,0.0,20.232,0.228,4.613
13.856,0.0,20.236,0.229,4.634
13.867,0.0,20.236,0.226,4.573
13.877,0.0,20.236,0.225,4.553
13.889,0.0,20.232,0.228,4.613
13.9,0.0,20.236,0.23,4.654
13.91,0.0,20.236,0.228,4.614
13.922,0.0,20.236,0.229,4.634
13.933,0.0,20.236,0.223,4.513
13.943,0.0,20.232,0.226,4.572
13.955,0.0,20.24,0.224,4.534
13.966,0.0,20.236,0.225,4.553
13.976,0.0,20.24,0.228,4.615
13.988,0.0,20.236,0.223,4.513
13.999,0.0,20.236,0.228,4.614
14.009,0.0,20.24,0.227,4.594
14.021,0.0,20.236,0.226,4.573
14.032,0.0,20.232,0.229,4.633
14.042,0.0,20.236,0.225,4.553
14.054,0.0,20.24,0.231,4.675
14.065,0.0,20.236,0.224,4.533
14.076,0.0,20.236,0.228,4.614
14.087,0.0,20.236,0.224,4.533
14.098,0.0,20.24,0.227,4.594
14.108,0.0,20.24,0.227,4.594
14.12,0.0,20.236,0.227,4.594
14.13,0.0,20.236,0.227,4.594
14.141,0.0,20.24,0.225,4.554
14.153,0.0,20.236,0.225,4.553
14.163,0.0,20.236,0.226,4.573
14.174,0.0,20.236,0.228,4.614
14.186,0.0,20.236,0.228,4.614
14.196,0.0,20.24,0.226,4.574
14.207,0.0,20.24,0.228,4.615
14.219,0.0,20.236,0.223,4.513
14.229,0.0,20.24,0.228,4.615
14.24,0.0,20.24,0.227,4.594
14.252,0.0,20.236,0.227,4.594
14.262,0.0,20.236,0.229,4.634
14.273,0.0,20.236,0.223,4.513
14.285,0.0,20.236,0.227,4.594
14.295,0.0,20.24,0.225,4.554
14.306,0.0,20.236,0.227,4.594
14.318,0.0,20.236,0.229,4.634
14.328,0.0,20.236,0.229,4.634
14.339,0.0,20.236,0.227,4.594
14.351,0.0,20.236,0.228,4.614
14.361,0.0,20.236,0.228,4.614
14.372,0.0,20.236,0.225,4.553
14.384,0.0,20.236,0.226,4.573
14.394,0.0,20.236,0.226,4.573
14.407,0.0,20.236,0.226,4.573
14.418,0.0,20.24,0.225,4.554
14.428,0.0,20.236,0.225,4.553
14.443,0.0,20.24,0.228,4.615
14.454,0.0,20.24,0.228,4.615
14.464,0.0,20.236,0.227,4.594
14.476,0.0,20.236,0.227,4.594
14.487,0.0,20.236,0.229,4.634
14.497,0.0,20.24,0.225,4.554
14.509,0.0,20.236,0.226,4.573
14.52,0.0,20.236,0.223,4.513
14.53,0.0,20.236,0.228,4.614
14.542,0.0,20.232,0.224,4.532
14.552,0.0,20.236,0.225,4.553
14.563,0.0,20.236,0.228,4.614
14.574,0.0,20.24,0.226,4.574
14.585,0.0,20.236,0.225,4.553
14.596,0.0,20.236,0.227,4.594
14.607,0.0,20.24,0.225,4.554
14.618,0.0,20.24,0.228,4.615
14.629,0.0,20.24,0.226,4.574
14.64,0.0,20.236,0.224,4.533
14.651,0.0,20.236,0.226,4.573
14.662,0.0,20.236,0.229,4.634
14.673,0.0,20.236,0.226,4.573
14.684,0.0,20.24,0.225,4.554
14.694,0.0,20.236,0.223,4.513
14.706,0.0,20.24,0.226,4.574
14.716,0.0,20.24,0.223,4.514
14.727,0.0,20.236,0.226,4.573
14.739,0.0,20.24,0.226,4.574
14.749,0.0,20.236,0.226,4.573
14.76,0.0,20.24,0.227,4.594
14.772,0.0,20.24,0.223,4.514
14.783,0.0,20.236,0.227,4.594
14.793,0.0,20.236,0.225,4.553
14.805,0.0,20.236,0.225,4.553
14.816,0.0,20.236,0.228,4.614
14.827,0.0,20.236,0.227,4.594
14.838,0.0,20.236,0.228,4.614
14.849,0.0,20.236,0.223,4.513
14.86,0.0,20.236,0.227,4.594
14.871,0.0,20.236,0.224,4.533
14.882,0.0,20.236,0.224,4.533
14.893,0.0,20.24,0.225,4.554
14.904,0.0,20.24,0.224,4.534
14.915,0.0,20.236,0.231,4.675
14.926,0.0,20.24,0.222,4.493
14.937,0.0,20.24,0.228,4.615
14.948,0.0,20.236,0.227,4.594
14.959,0.0,20.236,0.226,4.573
14.971,0.0,20.236,0.223,4.513
14.981,0.0,20.24,0.224,4.534
14.992,0.0,20.24,0.225,4.554
15.004,0.0,20.24,0.226,4.574
15.014,0.0,20.236,0.228,4.614
15.026,0.0,20.236,0.227,4.594
15.037,0.0,20.236,0.227,4.594
15.048,0.0,20.236,0.222,4.492
15.059,0.0,20.236,0.224,4.533
15.07,0.0,20.236,0.226,4.573
15.081,0.0,20.236,0.223,4.513
15.091,0.0,20.24,0.228,4.615
15.102,0.0,20.24,0.222,4.493
15.113,0.0,20.24,0.225,4.554
15.123,0.0,20.236,0.225,4.553
15.134,0.0,20.24,0.224,4.534
15.145,0.0,20.236,0.229,4.634
15.155,0.0,20.236,0.225,4.553
15.166,0.0,20.236,0.226,4.573
15.177,0.0,20.236,0.224,4.533
15.187,0.0,20.236,0.23,4.654
15.198,0.0,20.236,0.224,4.533
15.208,0.0,20.24,0.225,4.554
15.219,0.0,20.236,0.223,4.513
15.231,0.0,20.236,0.226,4.573
15.241,0.0,20.236,0.228,4.614
15.252,0.0,20.24,0.227,4.594
15.263,0.0,20.236,0.226,4.573
15.274,0.0,20.24,0.222,4.493
15.285,0.0,20.236,0.224,4.533
15.296,0.0,20.236,0.225,4.553
15.307,0.0,20.236,0.224,4.533
15.317,0.0,20.236,0.226,4.573
15.329,0.0,20.24,0.224,4.534
15.339,0.0,20.236,0.223,4.513
15.35,0.0,20.236,0.228,4.614
15.36,0.0,20.236,0.222,4.492
15.371,0.0,20.236,0.228,4.614
15.381,0.0,20.236,0.223,4.513
15.392,0.0,20.236,0.227,4.594
15.402,0.0,20.236,0.223,4.513
15.413,0.0,20.236,0.225,4.553
15.424,0.0,20.236,0.226,4.573
15.434,0.0,20.236,0.223,4.513
15.445,0.0,20.236,0.228,4.614
15.456,0.0,20.24,0.224,4.534
15.466,0.0,20.236,0.222,4.492
15.477,0.0,20.236,0.229,4.634
15.489,0.0,20.236,0.225,4.553
15.5,0.0,20.236,0.225,4.553
15.51,0.0,20.236,0.225,4.553
15.522,0.0,20.236,0.227,4.594
15.532,0.0,20.236,0.222,4.492
15.542,0.0,20.236,0.226,4.573
15.554,0.0,20.236,0.227,4.594
15.564,0.0,20.24,0.226,4.574
15.574,0.0,20.24,0.229,4.635
15.586,0.0,20.236,0.223,4.513
15.596,0.0,20.236,0.225,4.553
15.606,0.0,20.24,0.225,4.554
15.617,0.0,20.236,0.225,4.553
15.628,0.0,20.236,0.227,4.594
15.638,0.0,20.232,0.226,4.572
15.649,0.0,20.236,0.226,4.573
15.66,0.0,20.236,0.224,4.533
15.67,0.0,20.236,0.229,4.634
15.682,0.0,20.24,0.224,4.534
15.694,0.0,20.24,0.224,4.534
15.704,0.0,20.236,0.226,4.573
15.715,0.0,20.236,0.224,4.533
15.726,0.0,20.236,0.226,4.573
