Timestamp[us],Slope,VBUS Voltage[V],VBUS Current[A],VBUS Wattage[W]
0.103,0.0,0.16,0.0,0.0
0.113,0.0,0.16,0.0,0.0
0.122,0.0,0.164,0.0,0.0
0.133,0.0,0.16,0.0,0.0
0.143,0.0,0.16,0.0,0.0
0.153,0.0,0.16,0.0,0.0
0.163,0.0,0.156,0.0,0.0
0.174,0.0,0.16,0.0,0.0
0.185,0.0,0.16,0.0,0.0
0.196,0.0,0.16,0.0,0.0
0.206,0.0,0.16,0.0,0.0
0.218,0.0,0.156,0.0,0.0
0.228,0.0,0.16,0.0,0.0
0.239,0.0,0.164,0.0,0.0
0.25,0.0,0.16,0.0,0.0
0.26,0.0,0.16,0.0,0.0
0.268,0.0,0.16,0.0,0.0
0.277,0.0,0.16,0.0,0.0
0.284,0.0,0.16,0.0,0.0
0.292,0.0,0.16,0.0,0.0
0.3,0.0,0.16,0.0,0.0
0.309,0.0,0.16,0.0,0.0
0.316,0.0,0.16,0.0,0.0
0.324,0.0,0.16,0.0,0.0
0.332,0.0,0.16,0.0,0.0
0.341,0.0,0.156,0.0,0.0
0.376,0.0,5.076,0.035,0.178
0.384,0.0,5.076,0.035,0.178
0.391,0.0,5.076,0.033,0.168
0.4,0.0,5.072,0.033,0.167
0.408,0.0,5.076,0.034,0.173
0.423,0.0,5.08,0.035,0.178
0.432,0.0,5.076,0.034,0.173
0.44,0.0,5.076,0.032,0.162
0.448,0.0,5.076,0.034,0.173
0.456,0.0,5.076,0.033,0.168
0.464,0.0,5.076,0.034,0.173
0.473,0.0,5.076,0.032,0.162
0.48,0.0,5.072,0.034,0.172
0.488,0.0,5.08,0.034,0.173
0.496,0.0,5.076,0.034,0.173
0.505,0.0,5.072,0.033,0.167
0.512,0.0,5.076,0.032,0.162
0.52,0.0,5.076,0.034,0.173
0.528,0.0,18.52,0.152,2.815
0.536,0.0,20.256,0.151,3.059
0.544,0.0,20.252,0.148,2.997
0.599,0.0,20.252,0.147,2.977
0.607,0.0,20.256,0.148,2.998
0.614,0.0,20.252,0.147,2.977
0.623,0.0,20.252,0.146,2.957
0.631,0.0,20.252,0.146,2.957
0.639,0.0,20.252,0.146,2.957
0.646,0.0,20.252,0.146,2.957
0.654,0.0,20.252,0.145,2.937
0.663,0.0,20.252,0.147,2.977
0.671,0.0,20.252,0.144,2.916
0.679,0.0,20.248,0.144,2.916
0.687,0.0,20.252,0.145,2.937
0.696,0.0,20.252,0.145,2.937
0.703,0.0,20.252,0.144,2.916
0.711,0.0,20.252,0.145,2.937
0.719,0.0,20.252,0.145,2.937
0.728,0.0,20.252,0.143,2.896
0.736,0.0,20.252,0.145,2.937
0.743,0.0,20.252,0.143,2.896
0.751,0.0,20.256,0.143,2.897
0.76,0.0,20.252,0.144,2.916
0.768,0.0,20.252,0.142,2.876
0.776,0.0,20.252,0.142,2.876
0.784,0.0,20.252,0.143,2.896
0.793,0.0,20.256,0.143,2.897
0.8,0.0,20.256,0.142,2.876
0.808,0.0,20.252,0.143,2.896
0.816,0.0,20.252,0.144,2.916
0.825,0.0,20.248,0.141,2.855
0.832,0.0,20.252,0.142,2.876
0.84,0.0,20.252,0.142,2.876
0.848,0.0,20.256,0.142,2.876
0.857,0.0,20.252,0.14,2.835
0.864,0.0,20.252,0.143,2.896
0.872,0.0,20.252,0.14,2.835
0.88,0.0,20.256,0.14,2.836
0.889,0.0,20.256,0.14,2.836
0.897,0.0,20.256,0.14,2.836
0.904,0.0,20.248,0.139,2.814
0.912,0.0,20.252,0.14,2.835
0.921,0.0,20.248,0.139,2.814
0.929,0.0,20.252,0.138,2.795
0.936,0.0,20.252,0.14,2.835
0.945,0.0,20.252,0.14,2.835
0.953,0.0,20.252,0.138,2.795
0.961,0.0,20.252,0.139,2.815
0.97,0.0,20.252,0.14,2.835
0.981,0.0,20.248,0.066,1.336
0.992,0.0,20.244,0.057,1.154
1.002,0.0,20.244,0.057,1.154
1.013,0.0,20.248,0.059,1.195
1.025,0.0,20.248,0.056,1.134
1.035,0.0,20.248,0.057,1.154
1.046,281.0,20.248,0.059,1.195
1.057,278.0,20.244,0.057,1.154
1.068,275.0,20.244,0.057,1.154
1.078,272.0,20.248,0.056,1.134
1.088,269.0,20.244,0.056,1.134
1.098,265.0,20.244,0.057,1.154
1.107,261.0,20.248,0.057,1.154
1.118,257.0,20.244,0.055,1.113
1.127,253.0,20.244,0.056,1.134
1.137,249.0,20.244,0.056,1.134
1.147,244.0,20.244,0.057,1.154
1.157,239.0,20.244,0.056,1.134
1.167,233.0,20.24,0.058,1.174
1.178,228.0,20.244,0.059,1.194
1.189,222.0,20.244,0.056,1.134
1.199,216.0,20.244,0.056,1.134
1.211,210.0,20.244,0.057,1.154
1.222,204.0,20.24,0.056,1.133
1.232,197.0,20.244,0.057,1.154
1.243,190.0,20.248,0.055,1.114
1.254,183.0,20.248,0.057,1.154
1.265,175.0,20.248,0.056,1.134
1.276,168.0,20.244,0.057,1.154
1.286,160.0,20.248,0.056,1.134
1.295,152.0,20.244,0.055,1.113
1.305,143.0,20.248,0.058,1.174
1.316,134.0,20.244,0.056,1.134
1.325,129.0,20.244,0.056,1.134
1.335,122.0,20.244,0.058,1.174
1.346,116.0,20.244,0.054,1.093
1.355,110.0,20.244,0.057,1.154
1.365,103.0,20.24,0.057,1.154
1.375,96.0,20.244,0.056,1.134
1.386,89.0,20.244,0.055,1.113
1.396,82.0,20.176,2.255,45.497
1.408,75.0,20.18,2.258,45.566
1.418,67.0,20.184,2.257,45.555
1.429,59.0,20.18,2.259,45.587
1.44,52.0,20.184,2.26,45.616
1.45,43.0,20.18,2.259,45.587
1.461,35.0,20.184,2.259,45.596
1.472,27.0,20.184,2.26,45.616
1.482,18.0,20.18,2.258,45.566
1.491,9.0,20.184,2.259,45.596
1.502,0.0,20.184,2.261,45.636
1.524,0.0,20.18,2.261,45.627
1.534,0.0,20.18,2.261,45.627
1.544,0.0,20.18,2.26,45.607
1.554,0.0,20.18,2.258,45.566
1.564,0.0,20.184,2.26,45.616
1.575,0.0,20.184,2.262,45.656
1.585,0.0,20.18,2.261,45.627
1.596,0.0,20.18,2.261,45.627
1.607,0.0,20.184,2.261,45.636
1.617,0.0,20.18,2.26,45.607
1.628,0.0,20.18,2.259,45.587
1.639,0.0,20.18,2.262,45.647
1.65,0.0,20.18,2.263,45.667
1.66,0.0,20.18,2.262,45.647
1.672,0.0,20.18,2.26,45.607
1.681,0.0,20.18,2.261,45.627
1.691,0.0,20.184,2.262,45.656
1.701,0.0,20.18,2.262,45.647
1.711,0.0,20.18,2.26,45.607
1.72,0.0,20.184,2.26,45.616
1.731,0.0,20.184,2.26,45.616
1.741,0.0,20.184,2.261,45.636
1.75,0.0,20.18,2.261,45.627
1.76,0.0,20.18,2.261,45.627
1.771,0.0,20.184,2.262,45.656
1.781,0.0,20.184,2.26,45.616
1.792,0.0,20.184,2.261,45.636
1.803,0.0,20.18,2.26,45.607
1.814,0.0,20.18,2.263,45.667
1.824,0.0,20.184,2.261,45.636
1.836,0.0,20.184,2.261,45.636
1.846,0.0,20.18,2.26,45.607
1.857,0.0,20.184,2.261,45.636
1.868,0.0,20.18,2.262,45.647
1.878,0.0,20.184,2.261,45.636
1.889,0.0,20.18,2.26,45.607
1.9,0.0,20.18,2.262,45.647
1.911,0.0,20.184,2.262,45.656
1.921,0.0,20.184,2.263,45.676
1.933,0.0,20.184,2.261,45.636
1.943,0.0,20.184,2.262,45.656
1.954,0.0,20.184,2.262,45.656
1.965,0.0,20.184,2.261,45.636
1.975,0.0,20.184,2.263,45.676
1.986,0.0,20.184,2.263,45.676
1.998,0.0,20.184,2.262,45.656
2.008,0.0,20.18,2.261,45.627
2.019,0.0,20.184,2.262,45.656
2.03,0.0,20.184,2.261,45.636
2.04,0.0,20.184,2.261,45.636
2.051,0.0,20.18,2.262,45.647
2.063,0.0,20.184,2.262,45.656
2.073,0.0,20.184,2.262,45.656
2.084,0.0,20.18,2.264,45.688
2.095,0.0,20.184,2.261,45.636
2.105,0.0,20.184,2.262,45.656
2.116,0.0,20.18,2.261,45.627
2.127,0.0,20.184,2.263,45.676
2.138,0.0,20.184,2.262,45.656
2.148,0.0,20.184,2.261,45.636
2.16,0.0,20.184,2.26,45.616
2.17,0.0,20.18,2.262,45.647
2.181,0.0,20.184,2.262,45.656
2.192,0.0,20.18,2.26,45.607
2.203,0.0,20.18,2.263,45.667
2.214,0.0,20.184,2.261,45.636
2.225,0.0,20.18,2.261,45.627
2.235,0.0,20.184,2.262,45.656
2.246,0.0,20.184,2.262,45.656
2.257,0.0,20.184,2.262,45.656
2.267,0.0,20.184,2.261,45.636
2.278,0.0,20.184,2.262,45.656
2.29,0.0,20.184,2.26,45.616
2.3,0.0,20.184,2.262,45.656
2.311,0.0,20.184,2.261,45.636
2.322,0.0,20.18,2.262,45.647
2.332,0.0,20.184,2.264,45.697
2.344,0.0,20.184,2.262,45.656
2.355,0.0,20.184,2.262,45.656
2.365,0.0,20.18,2.26,45.607
2.376,0.0,20.184,2.263,45.676
2.387,0.0,20.184,2.262,45.656
2.396,0.0,20.184,2.263,45.676
2.406,0.0,20.18,2.262,45.647
2.416,0.0,20.18,2.261,45.627
2.426,0.0,20.18,2.259,45.587
2.435,0.0,20.184,2.261,45.636
2.446,0.0,20.184,2.261,45.636
2.456,0.0,20.18,2.265,45.708
2.465,0.0,20.18,2.262,45.647
2.475,0.0,20.18,2.263,45.667
2.485,0.0,20.184,2.263,45.676
2.495,0.0,20.18,2.262,45.647
2.505,0.0,20.18,2.264,45.688
2.515,0.0,20.184,2.261,45.636
2.525,0.0,20.184,2.261,45.636
2.534,0.0,20.184,2.262,45.656
2.545,0.0,20.184,2.262,45.656
2.555,0.0,20.184,2.261,45.636
2.564,0.0,20.184,2.262,45.656
2.575,0.0,20.184,2.262,45.656
2.585,0.0,20.184,2.264,45.697
2.595,0.0,20.184,2.261,45.636
2.605,0.0,20.184,2.262,45.656
2.615,0.0,20.18,2.262,45.647
2.625,0.0,20.18,2.261,45.627
2.635,0.0,20.18,2.263,45.667
2.645,0.0,20.184,2.262,45.656
2.655,0.0,20.18,2.263,45.667
2.664,0.0,20.18,2.263,45.667
2.675,0.0,20.18,2.263,45.667
2.685,0.0,20.184,2.263,45.676
2.694,0.0,20.184,2.263,45.676
2.705,0.0,20.18,2.263,45.667
2.715,0.0,20.184,2.263,45.676
2.724,0.0,20.184,2.259,45.596
2.735,0.0,20.184,2.263,45.676
2.745,0.0,20.184,2.263,45.676
2.754,0.0,20.18,2.263,45.667
2.764,0.0,20.184,2.262,45.656
2.775,0.0,20.184,2.262,45.656
2.785,0.0,20.184,2.263,45.676
2.796,0.0,20.184,2.262,45.656
2.807,0.0,20.184,2.262,45.656
2.82,0.0,20.184,2.266,45.737
2.831,0.0,20.184,2.262,45.656
2.842,0.0,20.188,2.262,45.665
2.852,0.0,20.184,2.263,45.676
2.863,0.0,20.184,2.263,45.676
2.874,0.0,20.184,2.263,45.676
2.883,0.0,20.184,2.261,45.636
2.893,0.0,20.18,2.262,45.647
2.904,0.0,20.18,2.261,45.627
2.914,0.0,20.184,2.262,45.656
2.923,0.0,20.184,2.261,45.636
2.935,0.0,20.184,2.262,45.656
2.944,0.0,20.184,2.263,45.676
2.954,0.0,20.184,2.264,45.697
2.964,0.0,20.184,2.262,45.656
2.974,0.0,20.184,2.264,45.697
2.984,0.0,20.184,2.26,45.616
2.995,0.0,20.184,2.263,45.676
3.008,0.0,20.18,2.264,45.688
3.018,0.0,20.184,2.262,45.656
3.029,0.0,20.184,2.262,45.656
3.041,0.0,20.184,2.259,45.596
3.051,0.0,20.184,2.262,45.656
3.063,0.0,20.184,2.263,45.676
3.074,0.0,20.184,2.264,45.697
3.084,0.0,20.184,2.262,45.656
3.095,0.0,20.184,2.263,45.676
3.105,0.0,20.184,2.262,45.656
3.115,0.0,20.184,2.261,45.636
3.128,0.0,20.184,2.264,45.697
3.139,0.0,20.184,2.263,45.676
3.148,0.0,20.184,2.262,45.656
3.159,0.0,20.18,2.262,45.647
3.17,0.0,20.184,2.262,45.656
3.18,0.0,20.184,2.263,45.676
3.191,0.0,20.184,2.261,45.636
3.203,0.0,20.184,2.262,45.656
3.213,0.0,20.184,2.263,45.676
3.224,0.0,20.18,2.262,45.647
3.236,0.0,20.184,2.265,45.717
3.247,0.0,20.184,2.262,45.656
3.258,0.0,20.184,2.268,45.777
3.27,0.0,20.184,2.262,45.656
3.283,0.0,20.184,2.263,45.676
3.293,0.0,20.18,2.261,45.627
3.305,0.0,20.184,2.264,45.697
3.315,0.0,20.184,2.264,45.697
3.325,0.0,20.184,2.262,45.656
3.335,0.0,20.18,2.265,45.708
3.345,0.0,20.184,2.261,45.636
3.355,0.0,20.18,2.263,45.667
3.365,0.0,20.184,2.263,45.676
3.375,0.0,20.184,2.261,45.636
3.385,0.0,20.184,2.263,45.676
3.396,0.0,20.18,2.263,45.667
3.407,0.0,20.184,2.264,45.697
3.418,0.0,20.184,2.262,45.656
3.429,0.0,20.184,2.262,45.656
3.44,0.0,20.184,2.266,45.737
3.451,0.0,20.184,2.264,45.697
3.463,0.0,20.184,2.264,45.697
3.474,0.0,20.18,2.261,45.627
3.482,0.0,20.184,2.263,45.676
3.491,0.0,20.184,2.264,45.697
3.499,0.0,20.184,2.263,45.676
3.507,0.0,20.184,2.264,45.697
3.515,0.0,20.184,2.263,45.676
3.524,0.0,20.184,2.262,45.656
3.532,0.0,20.184,2.262,45.656
3.54,0.0,20.184,2.263,45.676
3.548,0.0,20.18,2.263,45.667
3.557,0.0,20.18,2.262,45.647
3.564,0.0,20.184,2.263,45.676
3.572,0.0,20.18,2.262,45.647
3.58,0.0,20.184,2.262,45.656
3.589,0.0,20.18,2.263,45.667
3.596,0.0,20.184,2.265,45.717
3.604,0.0,20.188,2.26,45.625
3.612,0.0,20.184,2.262,45.656
3.621,0.0,20.184,2.264,45.697
3.629,0.0,20.18,2.261,45.627
3.636,0.0,20.18,2.264,45.688
3.644,0.0,20.184,2.263,45.676
3.653,0.0,20.184,2.262,45.656
3.66,0.0,20.184,2.262,45.656
3.668,0.0,20.184,2.263,45.676
3.676,0.0,20.184,2.263,45.676
3.685,0.0,20.184,2.263,45.676
3.693,0.0,20.184,2.263,45.676
3.7,0.0,20.184,2.263,45.676
3.708,0.0,20.184,2.262,45.656
3.717,0.0,20.184,2.263,45.676
3.725,0.0,20.184,2.262,45.656
3.732,0.0,20.184,2.264,45.697
3.74,0.0,20.188,2.264,45.706
3.749,0.0,20.184,2.264,45.697
3.757,0.0,20.184,2.262,45.656
3.764,0.0,20.184,2.264,45.697
3.772,0.0,20.18,2.264,45.688
3.78,0.0,20.184,2.262,45.656
3.789,0.0,20.184,2.262,45.656
3.796,0.0,20.184,2.263,45.676
3.804,0.0,20.184,2.263,45.676
3.812,0.0,20.18,2.262,45.647
3.821,0.0,20.18,2.264,45.688
3.828,0.0,20.184,2.263,45.676
3.836,0.0,20.184,2.262,45.656
3.844,0.0,20.18,2.263,45.667
3.853,0.0,20.184,2.263,45.676
3.86,0.0,20.184,2.262,45.656
3.868,0.0,20.184,2.262,45.656
3.876,0.0,20.184,2.264,45.697
3.885,0.0,20.184,2.262,45.656
3.892,0.0,20.184,2.265,45.717
3.9,0.0,20.18,2.264,45.688
3.908,0.0,20.184,2.263,45.676
3.917,0.0,20.184,2.264,45.697
3.924,0.0,20.184,2.264,45.697
3.932,0.0,20.18,2.263,45.667
3.94,0.0,20.184,2.263,45.676
3.949,0.0,20.184,2.264,45.697
3.957,0.0,20.184,2.265,45.717
3.964,0.0,20.184,2.264,45.697
3.972,0.0,20.184,2.261,45.636
3.981,0.0,20.184,2.265,45.717
3.989,0.0,20.184,2.262,45.656
3.996,0.0,20.184,2.261,45.636
4.004,0.0,20.18,2.263,45.667
4.013,0.0,20.18,2.263,45.667
4.021,0.0,20.18,2.264,45.688
4.028,0.0,20.184,2.264,45.697
4.036,0.0,20.184,2.262,45.656
4.046,0.0,20.184,2.263,45.676
4.053,0.0,20.184,2.265,45.717
4.061,0.0,20.184,2.265,45.717
4.069,0.0,20.184,2.263,45.676
4.077,0.0,20.184,2.263,45.676
4.085,0.0,20.184,2.265,45.717
4.093,0.0,20.188,2.264,45.706
4.101,0.0,20.18,2.262,45.647
4.11,0.0,20.184,2.266,45.737
4.117,0.0,20.184,2.261,45.636
4.125,0.0,20.184,2.263,45.676
4.133,0.0,20.184,2.265,45.717
4.141,0.0,20.18,2.262,45.647
4.149,0.0,20.188,2.26,45.625
4.157,0.0,20.184,2.262,45.656
4.165,0.0,20.184,2.264,45.697
4.174,0.0,20.18,2.263,45.667
4.182,0.0,20.18,2.263,45.667
4.192,0.0,20.184,2.263,45.676
4.203,0.0,20.184,2.263,45.676
4.214,0.0,20.184,2.262,45.656
4.224,0.0,20.184,2.264,45.697
4.236,0.0,20.184,2.265,45.717
4.247,0.0,20.184,2.262,45.656
4.257,0.0,20.18,2.262,45.647
4.268,0.0,20.184,2.266,45.737
4.279,0.0,20.184,2.264,45.697
4.289,0.0,20.18,2.264,45.688
4.3,0.0,20.184,2.262,45.656
4.311,0.0,20.184,2.264,45.697
4.322,0.0,20.184,2.262,45.656
4.333,0.0,20.184,2.262,45.656
4.344,0.0,20.184,2.265,45.717
4.354,0.0,20.184,2.262,45.656
4.365,0.0,20.18,2.264,45.688
4.376,0.0,20.184,2.262,45.656
4.386,0.0,20.184,2.263,45.676
4.398,0.0,20.184,2.264,45.697
4.409,0.0,20.184,2.264,45.697
4.42,0.0,20.18,2.265,45.708
4.431,0.0,20.184,2.261,45.636
4.442,0.0,20.18,2.264,45.688
4.452,0.0,20.184,2.263,45.676
4.463,0.0,20.18,2.263,45.667
4.474,0.0,20.18,2.264,45.688
4.484,0.0,20.184,2.263,45.676
4.495,0.0,20.184,2.265,45.717
4.506,0.0,20.184,2.261,45.636
4.516,0.0,20.184,2.265,45.717
4.527,0.0,20.184,2.263,45.676
4.538,0.0,20.18,2.263,45.667
4.549,0.0,20.184,2.265,45.717
4.56,0.0,20.184,2.264,45.697
4.57,0.0,20.18,2.265,45.708
4.581,0.0,20.184,2.262,45.656
4.592,0.0,20.184,2.261,45.636
4.603,0.0,20.184,2.264,45.697
4.613,0.0,20.184,2.263,45.676
4.624,0.0,20.184,2.266,45.737
4.635,0.0,20.184,2.265,45.717
4.645,0.0,20.184,2.264,45.697
4.656,0.0,20.184,2.264,45.697
4.667,0.0,20.184,2.264,45.697
4.677,0.0,20.18,2.264,45.688
4.688,0.0,20.184,2.263,45.676
4.699,0.0,20.184,2.266,45.737
4.71,0.0,20.18,2.264,45.688
4.72,0.0,20.184,2.263,45.676
4.732,0.0,20.184,2.264,45.697
4.742,0.0,20.18,2.264,45.688
4.753,0.0,20.184,2.264,45.697
4.764,0.0,20.18,2.263,45.667
4.774,0.0,20.184,2.264,45.697
4.786,0.0,20.18,2.263,45.667
4.796,0.0,20.184,2.262,45.656
4.805,0.0,20.18,2.265,45.708
4.815,0.0,20.184,2.262,45.656
4.825,0.0,20.184,2.263,45.676
4.835,0.0,20.184,2.264,45.697
4.845,0.0,20.184,2.261,45.636
4.858,0.0,20.18,2.264,45.688
4.872,0.0,20.18,2.262,45.647
4.882,0.0,20.184,2.265,45.717
4.892,0.0,20.184,2.263,45.676
4.901,0.0,20.184,2.263,45.676
4.911,0.0,20.18,2.263,45.667
4.921,0.0,20.184,2.263,45.676
4.931,0.0,20.184,2.264,45.697
4.941,0.0,20.184,2.265,45.717
4.951,0.0,20.184,2.262,45.656
4.961,0.0,20.184,2.264,45.697
4.97,0.0,20.184,2.264,45.697
4.98,0.0,20.184,2.264,45.697
4.989,0.0,20.184,2.265,45.717
4.997,0.0,20.184,2.262,45.656
5.004,0.0,20.184,2.264,45.697
5.013,0.0,20.184,2.264,45.697
5.021,0.0,20.18,2.262,45.647
5.028,0.0,20.184,2.262,45.656
5.036,0.0,20.18,2.264,45.688
5.044,0.0,20.184,2.263,45.676
5.052,0.0,20.184,2.262,45.656
5.06,0.0,20.184,2.263,45.676
5.068,0.0,20.184,2.264,45.697
5.076,0.0,20.184,2.261,45.636
5.084,0.0,20.184,2.263,45.676
5.092,0.0,20.18,2.265,45.708
5.099,0.0,20.18,2.262,45.647
5.108,0.0,20.184,2.262,45.656
5.116,0.0,20.184,2.264,45.697
5.124,0.0,20.18,2.264,45.688
5.132,0.0,20.184,2.262,45.656
5.141,0.0,20.188,2.265,45.726
5.149,0.0,20.184,2.263,45.676
5.157,0.0,20.184,2.264,45.697
5.165,0.0,20.184,2.263,45.676
5.174,0.0,20.184,2.264,45.697
5.182,0.0,20.18,2.262,45.647
5.19,0.0,20.184,2.263,45.676
5.198,0.0,20.18,2.262,45.647
5.207,0.0,20.184,2.262,45.656
5.215,0.0,20.184,2.264,45.697
5.222,0.0,20.184,2.263,45.676
5.231,0.0,20.18,2.263,45.667
5.239,0.0,20.184,2.264,45.697
5.247,0.0,20.184,2.263,45.676
5.255,0.0,20.18,2.263,45.667
5.264,0.0,20.184,2.263,45.676
5.273,0.0,20.184,2.266,45.737
5.28,0.0,20.184,2.263,45.676
5.288,0.0,20.18,2.263,45.667
5.297,0.0,20.184,2.264,45.697
5.306,0.0,20.184,2.263,45.676
5.314,0.0,20.184,2.262,45.656
5.321,0.0,20.18,2.263,45.667
5.33,0.0,20.184,2.264,45.697
5.339,0.0,20.184,2.264,45.697
5.347,0.0,20.18,2.263,45.667
5.355,0.0,20.184,2.263,45.676
5.363,0.0,20.18,2.261,45.627
5.372,0.0,20.184,2.263,45.676
5.379,0.0,20.184,2.263,45.676
5.387,0.0,20.184,2.262,45.656
5.396,0.0,20.18,2.264,45.688
5.405,0.0,20.184,2.264,45.697
5.412,0.0,20.184,2.263,45.676
5.42,0.0,20.184,2.263,45.676
5.429,0.0,20.18,2.262,45.647
5.437,0.0,20.184,2.262,45.656
5.445,0.0,20.184,2.264,45.697
5.454,0.0,20.184,2.265,45.717
5.463,0.0,20.184,2.263,45.676
5.471,0.0,20.188,2.264,45.706
5.478,0.0,20.184,2.266,45.737
5.487,0.0,20.184,2.264,45.697
5.496,0.0,20.188,2.264,45.706
5.503,0.0,20.184,2.264,45.697
5.511,0.0,20.184,2.264,45.697
5.52,0.0,20.184,2.264,45.697
5.529,0.0,20.184,2.266,45.737
5.536,0.0,20.184,2.263,45.676
5.544,0.0,20.18,2.264,45.688
5.553,0.0,20.188,2.264,45.706
5.562,0.0,20.184,2.265,45.717
5.569,0.0,20.184,2.263,45.676
5.577,0.0,20.184,2.264,45.697
5.586,0.0,20.184,2.264,45.697
5.594,0.0,20.184,2.262,45.656
5.602,0.0,20.184,2.263,45.676
5.61,0.0,20.188,2.264,45.706
5.619,0.0,20.184,2.265,45.717
5.627,0.0,20.184,2.263,45.676
5.635,0.0,20.188,2.264,45.706
5.643,0.0,20.184,2.263,45.676
5.652,0.0,20.184,2.265,45.717
5.66,0.0,20.184,2.263,45.676
5.668,0.0,20.188,2.263,45.685
5.676,0.0,20.184,2.264,45.697
5.685,0.0,20.184,2.264,45.697
5.695,0.0,20.184,2.263,45.676
5.705,0.0,20.184,2.263,45.676
5.717,0.0,20.184,2.264,45.697
5.728,0.0,20.184,2.262,45.656
5.739,0.0,20.184,2.265,45.717
5.75,0.0,20.184,2.263,45.676
5.761,0.0,20.184,2.265,45.717
5.772,0.0,20.188,2.261,45.645
5.784,0.0,20.184,2.263,45.676
5.795,0.0,20.184,2.263,45.676
5.81,0.0,20.188,2.262,45.665
5.821,0.0,20.184,2.264,45.697
5.831,0.0,20.184,2.264,45.697
5.842,0.0,20.184,2.263,45.676
5.854,0.0,20.184,2.263,45.676
5.864,0.0,20.184,2.265,45.717
5.876,0.0,20.184,2.265,45.717
5.887,0.0,20.184,2.264,45.697
5.898,0.0,20.184,2.265,45.717
5.909,0.0,20.18,2.264,45.688
5.92,0.0,20.18,2.264,45.688
5.931,0.0,20.184,2.262,45.656
5.942,0.0,20.184,2.263,45.676
5.954,0.0,20.184,2.262,45.656
5.964,0.0,20.184,2.263,45.676
5.976,0.0,20.18,2.263,45.667
5.987,0.0,20.184,2.263,45.676
5.998,0.0,20.184,2.264,45.697
6.01,0.0,20.184,2.262,45.656
6.021,0.0,20.18,2.264,45.688
6.031,0.0,20.184,2.261,45.636
6.043,0.0,20.184,2.263,45.676
6.054,0.0,20.188,2.263,45.685
6.065,0.0,20.184,2.264,45.697
6.077,0.0,20.184,2.264,45.697
6.087,0.0,20.184,2.262,45.656
6.098,0.0,20.188,2.263,45.685
6.11,0.0,20.184,2.263,45.676
6.12,0.0,20.184,2.264,45.697
6.131,0.0,20.184,2.261,45.636
6.143,0.0,20.184,2.264,45.697
6.153,0.0,20.18,2.265,45.708
6.164,0.0,20.184,2.263,45.676
6.176,0.0,20.184,2.262,45.656
6.186,0.0,20.184,2.266,45.737
6.197,0.0,20.18,2.265,45.708
6.209,0.0,20.184,2.265,45.717
6.219,0.0,20.184,2.265,45.717
6.23,0.0,20.184,2.264,45.697
6.242,0.0,20.184,2.263,45.676
6.252,0.0,20.184,2.263,45.676
6.263,0.0,20.184,2.263,45.676
6.275,0.0,20.184,2.265,45.717
6.285,0.0,20.184,2.263,45.676
6.297,0.0,20.184,2.263,45.676
6.308,0.0,20.184,2.264,45.697
6.319,0.0,20.184,2.265,45.717
6.33,0.0,20.184,2.263,45.676
6.342,0.0,20.184,2.263,45.676
6.352,0.0,20.184,2.265,45.717
6.363,0.0,20.184,2.263,45.676
6.375,0.0,20.184,2.264,45.697
6.385,0.0,20.184,2.264,45.697
6.397,0.0,20.18,2.267,45.748
6.409,0.0,20.184,2.262,45.656
6.419,0.0,20.184,2.262,45.656
6.431,0.0,20.184,2.264,45.697
6.442,0.0,20.184,2.263,45.676
6.452,0.0,20.18,2.262,45.647
6.464,0.0,20.18,2.265,45.708
6.475,0.0,20.184,2.264,45.697
6.486,0.0,20.18,2.263,45.667
6.497,0.0,20.184,2.264,45.697
6.508,0.0,20.184,2.264,45.697
6.519,0.0,20.184,2.264,45.697
6.531,0.0,20.184,2.264,45.697
6.542,0.0,20.184,2.263,45.676
6.552,0.0,20.18,2.264,45.688
6.564,0.0,20.184,2.262,45.656
6.575,0.0,20.184,2.261,45.636
6.586,0.0,20.184,2.262,45.656
6.597,0.0,20.184,2.264,45.697
6.608,0.0,20.184,2.263,45.676
6.619,0.0,20.184,2.264,45.697
6.631,0.0,20.184,2.265,45.717
6.641,0.0,20.184,2.264,45.697
6.652,0.0,20.188,2.264,45.706
6.664,0.0,20.184,2.263,45.676
6.675,0.0,20.184,2.265,45.717
6.686,0.0,20.188,2.265,45.726
6.698,0.0,20.184,2.263,45.676
6.713,0.0,20.184,2.263,45.676
6.723,0.0,20.184,2.263,45.676
6.733,0.0,20.184,2.264,45.697
6.742,0.0,20.184,2.263,45.676
6.752,0.0,20.184,2.263,45.676
6.763,0.0,20.184,2.265,45.717
6.772,0.0,20.184,2.263,45.676
6.782,0.0,20.184,2.262,45.656
6.793,0.0,20.184,2.265,45.717
6.803,0.0,20.184,2.262,45.656
6.813,0.0,20.184,2.264,45.697
6.825,0.0,20.18,2.263,45.667
6.835,0.0,20.188,2.262,45.665
6.846,0.0,20.184,2.263,45.676
6.857,0.0,20.184,2.263,45.676
6.868,0.0,20.184,2.263,45.676
6.878,0.0,20.18,2.263,45.667
6.89,0.0,20.184,2.262,45.656
6.9,0.0,20.18,2.262,45.647
6.911,0.0,20.184,2.264,45.697
6.922,0.0,20.184,2.263,45.676
6.933,0.0,20.184,2.264,45.697
6.943,0.0,20.184,2.263,45.676
6.954,0.0,20.184,2.263,45.676
6.965,0.0,20.184,2.265,45.717
6.975,0.0,20.184,2.264,45.697
6.987,0.0,20.184,2.264,45.697
6.997,0.0,20.184,2.265,45.717
7.008,0.0,20.184,2.264,45.697
7.019,0.0,20.18,2.265,45.708
7.03,0.0,20.184,2.263,45.676
7.04,0.0,20.184,2.266,45.737
7.052,0.0,20.184,2.263,45.676
7.062,0.0,20.184,2.263,45.676
7.072,0.0,20.184,2.263,45.676
7.084,0.0,20.184,2.264,45.697
7.094,0.0,20.184,2.264,45.697
7.105,0.0,20.184,2.263,45.676
7.116,0.0,20.184,2.262,45.656
7.127,0.0,20.184,2.263,45.676
7.137,0.0,20.184,2.265,45.717
7.149,0.0,20.184,2.262,45.656
7.159,0.0,20.184,2.265,45.717
7.17,0.0,20.184,2.264,45.697
7.182,0.0,20.184,2.264,45.697
7.192,0.0,20.184,2.262,45.656
7.203,0.0,20.184,2.265,45.717
7.214,0.0,20.184,2.265,45.717
7.224,0.0,20.184,2.263,45.676
7.235,0.0,20.184,2.263,45.676
7.246,0.0,20.184,2.266,45.737
7.257,0.0,20.184,2.263,45.676
7.267,0.0,20.18,2.265,45.708
7.279,0.0,20.184,2.264,45.697
7.289,0.0,20.184,2.262,45.656
7.299,0.0,20.184,2.265,45.717
7.311,0.0,20.184,2.264,45.697
7.321,0.0,20.184,2.265,45.717
7.332,0.0,20.184,2.264,45.697
7.343,0.0,20.184,2.264,45.697
7.354,0.0,20.184,2.265,45.717
7.364,0.0,20.184,2.264,45.697
7.375,0.0,20.184,2.265,45.717
7.386,0.0,20.184,2.264,45.697
7.397,0.0,20.184,2.264,45.697
7.408,0.0,20.184,2.263,45.676
7.418,0.0,20.184,2.263,45.676
7.429,0.0,20.18,2.264,45.688
7.44,0.0,20.184,2.264,45.697
7.451,0.0,20.184,2.264,45.697
7.463,0.0,20.184,2.263,45.676
7.475,0.0,20.188,2.264,45.706
7.485,0.0,20.184,2.263,45.676
7.496,0.0,20.184,2.264,45.697
7.508,0.0,20.184,2.263,45.676
7.519,0.0,20.184,2.264,45.697
7.53,0.0,20.184,2.264,45.697
7.541,0.0,20.184,2.263,45.676
7.551,0.0,20.184,2.266,45.737
7.562,0.0,20.188,2.263,45.685
7.574,0.0,20.18,2.263,45.667
7.584,0.0,20.184,2.268,45.777
7.595,0.0,20.184,2.263,45.676
7.605,0.0,20.184,2.264,45.697
7.615,0.0,20.18,2.263,45.667
7.625,0.0,20.184,2.262,45.656
7.635,0.0,20.184,2.264,45.697
7.645,0.0,20.184,2.263,45.676
7.654,0.0,20.184,2.265,45.717
7.664,0.0,20.184,2.263,45.676
7.674,0.0,20.184,2.264,45.697
7.684,0.0,20.184,2.264,45.697
7.694,0.0,20.184,2.264,45.697
7.705,0.0,20.184,2.262,45.656
7.715,0.0,20.184,2.264,45.697
7.726,0.0,20.184,2.263,45.676
7.738,0.0,20.188,2.263,45.685
7.748,0.0,20.184,2.263,45.676
7.758,0.0,20.18,2.264,45.688
7.77,0.0,20.18,2.263,45.667
7.78,0.0,20.184,2.264,45.697
7.791,0.0,20.184,2.264,45.697
7.802,0.0,20.184,2.263,45.676
7.812,0.0,20.184,2.266,45.737
7.823,0.0,20.184,2.263,45.676
7.834,0.0,20.184,2.263,45.676
7.845,0.0,20.184,2.265,45.717
7.855,0.0,20.184,2.263,45.676
7.867,0.0,20.184,2.266,45.737
7.877,0.0,20.188,2.263,45.685
7.887,0.0,20.184,2.264,45.697
7.899,0.0,20.184,2.263,45.676
7.908,0.0,20.18,2.263,45.667
7.918,0.0,20.184,2.265,45.717
7.929,0.0,20.184,2.262,45.656
7.938,0.0,20.188,2.264,45.706
7.948,0.0,20.184,2.265,45.717
7.958,0.0,20.188,2.264,45.706
7.968,0.0,20.184,2.265,45.717
7.977,0.0,20.184,2.262,45.656
7.987,0.0,20.184,2.263,45.676
7.998,0.0,20.184,2.266,45.737
8.008,0.0,20.184,2.264,45.697
8.019,0.0,20.184,2.266,45.737
8.03,0.0,20.184,2.263,45.676
8.04,0.0,20.184,2.264,45.697
8.051,0.0,20.184,2.267,45.757
8.063,0.0,20.18,2.263,45.667
8.073,0.0,20.184,2.264,45.697
8.084,0.0,20.184,2.262,45.656
8.095,0.0,20.184,2.263,45.676
8.106,0.0,20.184,2.265,45.717
8.117,0.0,20.184,2.264,45.697
8.128,0.0,20.184,2.264,45.697
8.139,0.0,20.184,2.263,45.676
8.151,0.0,20.18,2.263,45.667
8.162,0.0,20.184,2.263,45.676
8.173,0.0,20.184,2.264,45.697
8.184,0.0,20.184,2.263,45.676
8.195,0.0,20.184,2.263,45.676
8.206,0.0,20.184,2.265,45.717
8.217,0.0,20.184,2.263,45.676
8.228,0.0,20.188,2.264,45.706
8.238,0.0,20.184,2.262,45.656
8.249,0.0,20.184,2.263,45.676
8.26,0.0,20.184,2.262,45.656
8.271,0.0,20.18,2.263,45.667
8.281,0.0,20.184,2.265,45.717
8.292,0.0,20.184,2.262,45.656
8.303,0.0,20.184,2.264,45.697
8.313,0.0,20.184,2.263,45.676
8.325,0.0,20.184,2.263,45.676
8.335,0.0,20.18,2.266,45.728
8.346,0.0,20.184,2.262,45.656
8.358,0.0,20.184,2.264,45.697
8.368,0.0,20.18,2.262,45.647
8.379,0.0,20.18,2.265,45.708
8.391,0.0,20.18,2.264,45.688
8.402,0.0,20.184,2.263,45.676
8.413,0.0,20.18,2.265,45.708
8.424,0.0,20.184,2.263,45.676
8.435,0.0,20.18,2.266,45.728
8.445,0.0,20.18,2.263,45.667
8.457,0.0,20.184,2.264,45.697
8.468,0.0,20.18,2.265,45.708
8.479,0.0,20.184,2.264,45.697
8.49,0.0,20.18,2.267,45.748
8.501,0.0,20.184,2.263,45.676
8.511,0.0,20.184,2.265,45.717
8.523,0.0,20.18,2.261,45.627
8.533,0.0,20.184,2.265,45.717
8.544,0.0,20.184,2.262,45.656
8.555,0.0,20.184,2.263,45.676
8.566,0.0,20.18,2.264,45.688
8.576,0.0,20.18,2.263,45.667
8.588,0.0,20.184,2.265,45.717
8.598,0.0,20.184,2.262,45.656
8.609,0.0,20.184,2.263,45.676
8.62,0.0,20.184,2.264,45.697
8.631,0.0,20.184,2.264,45.697
8.641,0.0,20.184,2.265,45.717
8.652,0.0,20.184,2.262,45.656
8.663,0.0,20.18,2.264,45.688
8.673,0.0,20.184,2.265,45.717
8.684,0.0,20.184,2.262,45.656
8.695,0.0,20.184,2.265,45.717
8.705,0.0,20.184,2.263,45.676
8.717,0.0,20.18,2.267,45.748
8.728,0.0,20.184,2.263,45.676
8.738,0.0,20.184,2.263,45.676
8.749,0.0,20.18,2.265,45.708
8.76,0.0,20.18,2.264,45.688
8.77,0.0,20.18,2.264,45.688
8.781,0.0,20.184,2.263,45.676
8.792,0.0,20.184,2.266,45.737
8.802,0.0,20.18,2.263,45.667
8.814,0.0,20.184,2.263,45.676
8.824,0.0,20.184,2.266,45.737
8.835,0.0,20.18,2.264,45.688
8.846,0.0,20.184,2.268,45.777
8.857,0.0,20.184,2.264,45.697
8.867,0.0,20.184,2.264,45.697
8.878,0.0,20.184,2.264,45.697
8.889,0.0,20.184,2.263,45.676
8.899,0.0,20.184,2.266,45.737
8.911,0.0,20.184,2.264,45.697
8.921,0.0,20.184,2.264,45.697
8.932,0.0,20.184,2.263,45.676
8.943,0.0,20.18,2.263,45.667
8.954,0.0,20.184,2.266,45.737
8.964,0.0,20.184,2.263,45.676
8.975,0.0,20.184,2.265,45.717
8.986,0.0,20.184,2.264,45.697
8.996,0.0,20.184,2.264,45.697
9.008,0.0,20.184,2.263,45.676
9.018,0.0,20.184,2.264,45.697
9.029,0.0,20.184,2.266,45.737
9.04,0.0,20.184,2.264,45.697
9.051,0.0,20.184,2.266,45.737
9.061,0.0,20.184,2.265,45.717
9.072,0.0,20.184,2.263,45.676
9.083,0.0,20.184,2.264,45.697
9.093,0.0,20.184,2.263,45.676
9.104,0.0,20.184,2.264,45.697
9.115,0.0,20.18,2.263,45.667
9.125,0.0,20.184,2.263,45.676
9.139,0.0,20.184,2.266,45.737
9.15,0.0,20.184,2.263,45.676
9.168,0.0,20.184,2.264,45.697
9.179,0.0,20.184,2.264,45.697
9.188,0.0,20.184,2.262,45.656
9.198,0.0,20.184,2.263,45.676
9.208,0.0,20.184,2.265,45.717
9.215,0.0,20.184,2.263,45.676
9.223,0.0,20.184,2.263,45.676
9.231,0.0,20.184,2.263,45.676
9.24,0.0,20.18,2.264,45.688
9.247,0.0,20.184,2.263,45.676
9.255,0.0,20.184,2.263,45.676
9.263,0.0,20.184,2.264,45.697
9.272,0.0,20.18,2.263,45.667
9.279,0.0,20.18,2.263,45.667
9.287,0.0,20.184,2.265,45.717
9.296,0.0,20.184,2.263,45.676
9.304,0.0,20.184,2.265,45.717
9.311,0.0,20.184,2.265,45.717
9.319,0.0,20.184,2.264,45.697
9.327,0.0,20.184,2.262,45.656
9.336,0.0,20.184,2.266,45.737
9.343,0.0,20.184,2.267,45.757
9.351,0.0,20.188,2.264,45.706
9.359,0.0,20.184,2.265,45.717
9.368,0.0,20.184,2.264,45.697
9.375,0.0,20.184,2.263,45.676
9.383,0.0,20.184,2.263,45.676
9.391,0.0,20.188,2.264,45.706
9.399,0.0,20.184,2.262,45.656
9.407,0.0,20.18,2.264,45.688
9.415,0.0,20.184,2.265,45.717
9.423,0.0,20.184,2.265,45.717
9.431,0.0,20.184,2.262,45.656
9.439,0.0,20.184,2.266,45.737
9.446,0.0,20.184,2.263,45.676
9.455,0.0,20.184,2.263,45.676
9.463,0.0,20.184,2.265,45.717
9.471,0.0,20.184,2.263,45.676
9.479,0.0,20.184,2.262,45.656
9.487,0.0,20.184,2.265,45.717
9.495,0.0,20.184,2.267,45.757
9.503,0.0,20.184,2.262,45.656
9.51,0.0,20.184,2.266,45.737
9.519,0.0,20.184,2.266,45.737
9.527,0.0,20.18,2.263,45.667
9.535,0.0,20.184,2.263,45.676
9.543,0.0,20.184,2.265,45.717
9.551,0.0,20.184,2.263,45.676
9.559,0.0,20.18,2.264,45.688
9.567,0.0,20.18,2.265,45.708
9.574,0.0,20.184,2.263,45.676
9.583,0.0,20.184,2.265,45.717
9.591,0.0,20.184,2.264,45.697
9.599,0.0,20.184,2.266,45.737
9.606,0.0,20.184,2.263,45.676
9.615,0.0,20.184,2.265,45.717
9.623,0.0,20.184,2.266,45.737
9.631,0.0,20.184,2.264,45.697
9.639,0.0,20.184,2.264,45.697
9.647,0.0,20.184,2.266,45.737
9.655,0.0,20.184,2.264,45.697
9.663,0.0,20.184,2.263,45.676
9.671,0.0,20.184,2.264,45.697
9.679,0.0,20.184,2.264,45.697
9.687,0.0,20.184,2.263,45.676
9.695,0.0,20.184,2.265,45.717
9.703,0.0,20.188,2.265,45.726
9.711,0.0,20.184,2.265,45.717
9.719,0.0,20.18,2.264,45.688
9.727,0.0,20.184,2.265,45.717
9.735,0.0,20.18,2.262,45.647
9.743,0.0,20.184,2.264,45.697
9.751,0.0,20.184,2.265,45.717
9.759,0.0,20.18,2.264,45.688
9.766,0.0,20.18,2.262,45.647
9.774,0.0,20.184,2.264,45.697
9.783,0.0,20.18,2.264,45.688
9.791,0.0,20.184,2.263,45.676
9.799,0.0,20.184,2.266,45.737
9.806,0.0,20.184,2.264,45.697
9.815,0.0,20.184,2.262,45.656
9.823,0.0,20.184,2.263,45.676
9.831,0.0,20.184,2.266,45.737
9.838,0.0,20.18,2.263,45.667
9.847,0.0,20.184,2.263,45.676
9.855,0.0,20.188,2.266,45.746
9.863,0.0,20.18,2.264,45.688
9.87,0.0,20.18,2.264,45.688
9.879,0.0,20.184,2.264,45.697
9.887,0.0,20.184,2.265,45.717
9.895,0.0,20.184,2.264,45.697
9.902,0.0,20.184,2.262,45.656
9.913,0.0,20.184,2.264,45.697
9.923,0.0,20.184,2.262,45.656
9.933,0.0,20.18,2.265,45.708
9.945,0.0,20.184,2.263,45.676
9.956,0.0,20.184,2.264,45.697
9.966,0.0,20.184,2.263,45.676
9.977,0.0,20.184,2.266,45.737
9.988,0.0,20.188,2.266,45.746
9.998,0.0,20.184,2.265,45.717
10.009,0.0,20.188,2.266,45.746
10.02,0.0,20.184,2.265,45.717
10.031,0.0,20.184,2.264,45.697
10.042,0.0,20.184,2.266,45.737
10.053,0.0,20.18,2.266,45.728
10.063,0.0,20.18,2.265,45.708
10.074,0.0,20.184,2.262,45.656
10.086,0.0,20.184,2.264,45.697
10.096,0.0,20.18,2.264,45.688
10.107,0.0,20.18,2.264,45.688
10.117,0.0,20.184,2.265,45.717
10.127,0.0,20.184,2.263,45.676
10.137,0.0,20.184,2.264,45.697
10.147,0.0,20.184,2.263,45.676
10.157,0.0,20.184,2.264,45.697
10.167,0.0,20.184,2.265,45.717
10.177,0.0,20.18,2.264,45.688
10.187,0.0,20.18,2.265,45.708
10.196,0.0,20.18,2.263,45.667
10.207,0.0,20.184,2.264,45.697
10.217,0.0,20.18,2.264,45.688
10.228,0.0,20.184,2.264,45.697
10.239,0.0,20.184,2.265,45.717
10.25,0.0,20.184,2.263,45.676
10.26,0.0,20.188,2.263,45.685
10.271,0.0,20.184,2.264,45.697
10.283,0.0,20.184,2.264,45.697
10.293,0.0,20.184,2.264,45.697
10.305,0.0,20.184,2.266,45.737
10.315,0.0,20.18,2.263,45.667
10.326,0.0,20.184,2.264,45.697
10.337,0.0,20.184,2.265,45.717
10.348,0.0,20.184,2.265,45.717
10.358,0.0,20.184,2.264,45.697
10.369,0.0,20.18,2.264,45.688
10.38,0.0,20.184,2.266,45.737
10.39,0.0,20.184,2.262,45.656
10.401,0.0,20.184,2.264,45.697
10.413,0.0,20.184,2.264,45.697
10.424,0.0,20.184,2.266,45.737
10.435,0.0,20.18,2.264,45.688
10.446,0.0,20.184,2.263,45.676
10.456,0.0,20.184,2.264,45.697
10.467,0.0,20.184,2.262,45.656
10.478,0.0,20.18,2.262,45.647
10.488,0.0,20.184,2.263,45.676
10.5,0.0,20.184,2.263,45.676
10.511,0.0,20.184,2.263,45.676
10.521,0.0,20.184,2.264,45.697
10.532,0.0,20.18,2.265,45.708
10.544,0.0,20.184,2.263,45.676
10.554,0.0,20.184,2.265,45.717
10.565,0.0,20.184,2.262,45.656
10.576,0.0,20.184,2.264,45.697
10.587,0.0,20.184,2.263,45.676
10.598,0.0,20.184,2.264,45.697
10.609,0.0,20.184,2.266,45.737
10.619,0.0,20.184,2.262,45.656
10.63,0.0,20.184,2.264,45.697
10.641,0.0,20.184,2.265,45.717
10.651,0.0,20.184,2.262,45.656
10.662,0.0,20.184,2.263,45.676
10.674,0.0,20.184,2.263,45.676
10.684,0.0,20.184,2.264,45.697
10.695,0.0,20.184,2.262,45.656
10.706,0.0,20.184,2.263,45.676
10.717,0.0,20.184,2.265,45.717
10.728,0.0,20.184,2.262,45.656
10.739,0.0,20.188,2.265,45.726
10.749,0.0,20.184,2.263,45.676
10.76,0.0,20.184,2.261,45.636
10.771,0.0,20.184,2.265,45.717
10.781,0.0,20.184,2.263,45.676
10.792,0.0,20.18,2.263,45.667
10.803,0.0,20.184,2.262,45.656
10.814,0.0,20.184,2.264,45.697
10.825,0.0,20.18,2.263,45.667
10.836,0.0,20.184,2.263,45.676
10.846,0.0,20.184,2.263,45.676
10.858,0.0,20.18,2.264,45.688
10.869,0.0,20.184,2.264,45.697
10.879,0.0,20.184,2.264,45.697
10.89,0.0,20.184,2.263,45.676
10.901,0.0,20.18,2.262,45.647
10.912,0.0,20.184,2.265,45.717
10.923,0.0,20.184,2.264,45.697
10.934,0.0,20.184,2.263,45.676
10.944,0.0,20.18,2.264,45.688
10.956,0.0,20.188,2.265,45.726
10.966,0.0,20.184,2.263,45.676
10.977,0.0,20.184,2.266,45.737
10.988,0.0,20.184,2.266,45.737
10.999,0.0,20.184,2.264,45.697
11.009,0.0,20.188,2.264,45.706
11.02,0.0,20.184,2.265,45.717
11.031,0.0,20.184,2.263,45.676
11.041,0.0,20.184,2.264,45.697
11.053,0.0,20.184,2.264,45.697
11.064,0.0,20.18,2.264,45.688
11.074,0.0,20.184,2.264,45.697
11.086,0.0,20.184,2.264,45.697
11.096,0.0,20.188,2.263,45.685
11.107,0.0,20.18,2.262,45.647
11.118,0.0,20.184,2.263,45.676
11.129,0.0,20.184,2.264,45.697
11.139,0.0,20.188,2.263,45.685
11.15,0.0,20.184,2.265,45.717
11.161,0.0,20.184,2.262,45.656
11.172,0.0,20.184,2.262,45.656
11.183,0.0,20.184,2.264,45.697
11.194,0.0,20.184,2.262,45.656
11.204,0.0,20.18,2.265,45.708
11.216,0.0,20.184,2.264,45.697
11.226,0.0,20.184,2.264,45.697
11.235,0.0,20.18,2.264,45.688
11.245,0.0,20.184,2.264,45.697
11.255,0.0,20.184,2.263,45.676
11.265,0.0,20.184,2.263,45.676
11.275,0.0,20.184,2.263,45.676
11.285,0.0,20.184,2.263,45.676
11.295,0.0,20.184,2.264,45.697
11.304,0.0,20.18,2.263,45.667
11.314,0.0,20.18,2.267,45.748
11.325,0.0,20.184,2.264,45.697
11.335,0.0,20.184,2.265,45.717
11.347,0.0,20.184,2.264,45.697
11.357,0.0,20.184,2.263,45.676
11.367,0.0,20.184,2.264,45.697
11.378,0.0,20.184,2.263,45.676
11.389,0.0,20.184,2.265,45.717
11.4,0.0,20.184,2.264,45.697
11.411,0.0,20.184,2.266,45.737
11.422,0.0,20.184,2.264,45.697
11.432,0.0,20.18,2.263,45.667
11.443,0.0,20.184,2.264,45.697
11.454,0.0,20.18,2.263,45.667
11.464,0.0,20.184,2.265,45.717
11.475,0.0,20.184,2.265,45.717
11.486,0.0,20.184,2.266,45.737
11.496,0.0,20.184,2.264,45.697
11.507,0.0,20.184,2.262,45.656
11.519,0.0,20.184,2.264,45.697
11.529,0.0,20.184,2.266,45.737
11.54,0.0,20.18,2.265,45.708
11.551,0.0,20.184,2.264,45.697
11.561,0.0,20.18,2.263,45.667
11.572,0.0,20.184,2.265,45.717
11.583,0.0,20.184,2.262,45.656
11.594,0.0,20.184,2.267,45.757
11.605,0.0,20.188,2.266,45.746
11.616,0.0,20.184,2.264,45.697
11.625,0.0,20.184,2.266,45.737
11.635,0.0,20.184,2.264,45.697
11.646,0.0,20.188,2.264,45.706
11.655,0.0,20.184,2.265,45.717
11.665,0.0,20.184,2.265,45.717
11.676,0.0,20.184,2.264,45.697
11.685,0.0,20.184,2.264,45.697
11.695,0.0,20.184,2.263,45.676
11.705,0.0,20.18,2.264,45.688
11.715,0.0,20.184,2.263,45.676
11.726,0.0,20.18,2.264,45.688
11.737,0.0,20.184,2.266,45.737
11.748,0.0,20.184,2.265,45.717
11.758,0.0,20.184,2.265,45.717
11.769,0.0,20.18,2.263,45.667
11.78,0.0,20.184,2.262,45.656
11.79,0.0,20.184,2.263,45.676
11.801,0.0,20.184,2.263,45.676
11.812,0.0,20.184,2.264,45.697
11.823,0.0,20.184,2.263,45.676
11.834,0.0,20.184,2.266,45.737
11.844,0.0,20.18,2.263,45.667
11.855,0.0,20.184,2.265,45.717
11.866,0.0,20.184,2.264,45.697
11.877,0.0,20.184,2.263,45.676
11.887,0.0,20.184,2.265,45.717
11.898,0.0,20.18,2.263,45.667
11.909,0.0,20.184,2.266,45.737
11.92,0.0,20.18,2.265,45.708
11.931,0.0,20.18,2.264,45.688
11.942,0.0,20.184,2.262,45.656
11.952,0.0,20.184,2.264,45.697
11.963,0.0,20.184,2.265,45.717
11.974,0.0,20.184,2.264,45.697
11.984,0.0,20.184,2.266,45.737
11.996,0.0,20.184,2.264,45.697
12.007,0.0,20.184,2.264,45.697
12.017,0.0,20.18,2.262,45.647
12.028,0.0,20.18,2.262,45.647
12.05,0.0,20.184,2.261,45.636
12.061,0.0,20.184,2.265,45.717
12.072,0.0,20.184,2.263,45.676
12.082,0.0,20.18,2.264,45.688
12.093,0.0,20.184,2.263,45.676
12.104,0.0,20.184,2.262,45.656
12.115,0.0,20.18,2.266,45.728
12.126,0.0,20.184,2.265,45.717
12.137,0.0,20.18,2.264,45.688
12.147,0.0,20.18,2.264,45.688
12.158,0.0,20.184,2.262,45.656
12.169,0.0,20.184,2.265,45.717
12.179,0.0,20.184,2.261,45.636
12.191,0.0,20.184,2.264,45.697
12.202,0.0,20.184,2.262,45.656
12.212,0.0,20.18,2.265,45.708
12.223,0.0,20.184,2.262,45.656
12.234,0.0,20.184,2.264,45.697
12.245,0.0,20.184,2.265,45.717
12.256,0.0,20.184,2.263,45.676
12.267,0.0,20.18,2.267,45.748
12.278,0.0,20.184,2.264,45.697
12.289,0.0,20.18,2.265,45.708
12.301,0.0,20.184,2.265,45.717
12.311,0.0,20.184,2.261,45.636
12.323,0.0,20.184,2.265,45.717
12.334,0.0,20.184,2.263,45.676
12.344,0.0,20.184,2.265,45.717
12.356,0.0,20.184,2.262,45.656
12.367,0.0,20.184,2.262,45.656
12.378,0.0,20.184,2.263,45.676
12.389,0.0,20.184,2.263,45.676
12.4,0.0,20.184,2.265,45.717
12.411,0.0,20.184,2.263,45.676
12.422,0.0,20.184,2.263,45.676
12.433,0.0,20.18,2.263,45.667
12.442,0.0,20.184,2.263,45.676
12.453,0.0,20.184,2.267,45.757
12.463,0.0,20.184,2.264,45.697
12.473,0.0,20.184,2.266,45.737
12.484,0.0,20.184,2.263,45.676
12.494,0.0,20.184,2.265,45.717
12.504,0.0,20.184,2.264,45.697
12.514,0.0,20.184,2.263,45.676
12.526,0.0,20.184,2.267,45.757
12.536,0.0,20.184,2.264,45.697
12.547,0.0,20.184,2.263,45.676
12.559,0.0,20.184,2.266,45.737
12.57,0.0,20.184,2.264,45.697
12.581,0.0,20.184,2.265,45.717
12.593,0.0,20.184,2.264,45.697
12.603,0.0,20.184,2.265,45.717
12.615,0.0,20.184,2.264,45.697
12.626,0.0,20.184,2.267,45.757
12.636,0.0,20.188,2.264,45.706
12.648,0.0,20.18,2.262,45.647
12.659,0.0,20.18,2.264,45.688
12.67,0.0,20.184,2.262,45.656
12.682,0.0,20.184,2.267,45.757
12.693,0.0,20.184,2.262,45.656
12.704,0.0,20.184,2.264,45.697
12.715,0.0,20.18,2.264,45.688
12.726,0.0,20.18,2.263,45.667
12.736,0.0,20.184,2.266,45.737
12.746,0.0,20.184,2.263,45.676
12.756,0.0,20.188,2.265,45.726
12.766,0.0,20.184,2.265,45.717
12.776,0.0,20.184,2.263,45.676
12.787,0.0,20.184,2.264,45.697
12.797,0.0,20.184,2.263,45.676
12.807,0.0,20.184,2.264,45.697
12.818,0.0,20.184,2.265,45.717
12.828,0.0,20.184,2.262,45.656
12.839,0.0,20.184,2.265,45.717
12.851,0.0,20.184,2.263,45.676
12.861,0.0,20.184,2.265,45.717
12.872,0.0,20.184,2.264,45.697
12.884,0.0,20.184,2.264,45.697
12.895,0.0,20.18,2.266,45.728
12.906,0.0,20.18,2.263,45.667
12.918,0.0,20.184,2.264,45.697
12.928,0.0,20.184,2.263,45.676
12.939,0.0,20.184,2.265,45.717
12.951,0.0,20.188,2.261,45.645
12.962,0.0,20.184,2.262,45.656
12.973,0.0,20.184,2.264,45.697
12.985,0.0,20.184,2.263,45.676
12.995,0.0,20.184,2.265,45.717
13.007,0.0,20.184,2.262,45.656
13.018,0.0,20.184,2.264,45.697
13.029,0.0,20.184,2.263,45.676
13.04,0.0,20.184,2.265,45.717
13.051,0.0,20.18,2.263,45.667
13.062,0.0,20.184,2.264,45.697
13.074,0.0,20.184,2.264,45.697
13.085,0.0,20.18,2.263,45.667
13.096,0.0,20.184,2.264,45.697
13.107,0.0,20.184,2.262,45.656
13.118,0.0,20.184,2.265,45.717
13.129,0.0,20.184,2.264,45.697
13.141,0.0,20.184,2.265,45.717
13.152,0.0,20.18,2.265,45.708
13.163,0.0,20.184,2.264,45.697
13.174,0.0,20.184,2.263,45.676
13.185,0.0,20.184,2.263,45.676
13.196,0.0,20.18,2.266,45.728
13.208,0.0,20.184,2.262,45.656
13.218,0.0,20.184,2.264,45.697
13.229,0.0,20.184,2.265,45.717
13.241,0.0,20.184,2.262,45.656
13.251,0.0,20.184,2.265,45.717
13.263,0.0,20.18,2.263,45.667
13.274,0.0,20.18,2.265,45.708
13.285,0.0,20.184,2.262,45.656
13.296,0.0,20.18,2.262,45.647
13.308,0.0,20.184,2.266,45.737
13.318,0.0,20.184,2.263,45.676
13.329,0.0,20.184,2.264,45.697
13.341,0.0,20.184,2.262,45.656
13.352,0.0,20.184,2.265,45.717
13.363,0.0,20.184,2.265,45.717
13.375,0.0,20.184,2.264,45.697
13.385,0.0,20.184,2.265,45.717
13.397,0.0,20.184,2.264,45.697
13.408,0.0,20.18,2.266,45.728
13.418,0.0,20.184,2.265,45.717
13.43,0.0,20.184,2.265,45.717
13.441,0.0,20.184,2.263,45.676
13.452,0.0,20.188,2.263,45.685
13.464,0.0,20.18,2.264,45.688
13.475,0.0,20.184,2.262,45.656
13.485,0.0,20.184,2.265,45.717
13.497,0.0,20.184,2.264,45.697
13.508,0.0,20.18,2.267,45.748
13.519,0.0,20.184,2.263,45.676
13.531,0.0,20.184,2.264,45.697
13.541,0.0,20.18,2.265,45.708
13.55,0.0,20.184,2.262,45.656
13.562,0.0,20.184,2.264,45.697
13.572,0.0,20.188,2.264,45.706
13.582,0.0,20.18,2.265,45.708
13.592,0.0,20.184,2.265,45.717
13.603,0.0,20.184,2.264,45.697
13.612,0.0,20.184,2.265,45.717
13.623,0.0,20.184,2.264,45.697
13.634,0.0,20.184,2.265,45.717
13.644,0.0,20.184,2.263,45.676
13.656,0.0,20.188,2.263,45.685
13.668,0.0,20.184,2.264,45.697
13.678,0.0,20.184,2.263,45.676
13.69,0.0,20.184,2.266,45.737
13.701,0.0,20.184,2.261,45.636
13.711,0.0,20.184,2.265,45.717
13.723,0.0,20.184,2.263,45.676
13.734,0.0,20.184,2.265,45.717
13.744,0.0,20.184,2.265,45.717
13.756,0.0,20.184,2.265,45.717
13.767,0.0,20.184,2.265,45.717
13.777,0.0,20.184,2.262,45.656
13.789,0.0,20.18,2.264,45.688
13.801,0.0,20.184,2.266,45.737
13.811,0.0,20.184,2.263,45.676
13.823,0.0,20.184,2.264,45.697
13.834,0.0,20.184,2.264,45.697
13.845,0.0,20.184,2.264,45.697
13.856,0.0,20.188,2.262,45.665
13.867,0.0,20.184,2.262,45.656
13.878,0.0,20.184,2.264,45.697
13.889,0.0,20.18,2.264,45.688
13.901,0.0,20.184,2.264,45.697
13.912,0.0,20.184,2.263,45.676
13.925,0.0,20.188,2.267,45.766
13.935,0.0,20.184,2.264,45.697
13.944,0.0,20.184,2.263,45.676
13.955,0.0,20.18,2.265,45.708
13.965,0.0,20.184,2.263,45.676
13.975,0.0,20.184,2.266,45.737
13.986,0.0,20.184,2.263,45.676
13.996,0.0,20.184,2.263,45.676
14.006,0.0,20.184,2.266,45.737
14.016,0.0,20.18,2.264,45.688
14.028,0.0,20.184,2.263,45.676
14.038,0.0,20.184,2.263,45.676
14.05,0.0,20.184,2.265,45.717
14.061,0.0,20.184,2.263,45.676
14.072,0.0,20.184,2.264,45.697
14.083,0.0,20.18,2.265,45.708
14.095,0.0,20.184,2.264,45.697
14.105,0.0,20.188,2.264,45.706
14.117,0.0,20.184,2.263,45.676
14.128,0.0,20.184,2.265,45.717
14.139,0.0,20.184,2.264,45.697
14.15,0.0,20.184,2.264,45.697
14.162,0.0,20.18,2.264,45.688
14.172,0.0,20.184,2.265,45.717
14.184,0.0,20.184,2.264,45.697
14.195,0.0,20.184,2.264,45.697
14.206,0.0,20.18,2.265,45.708
14.218,0.0,20.184,2.264,45.697
14.229,0.0,20.184,2.264,45.697
14.239,0.0,20.184,2.267,45.757
14.251,0.0,20.184,2.266,45.737
14.262,0.0,20.18,2.264,45.688
14.273,0.0,20.184,2.263,45.676
14.284,0.0,20.184,2.265,45.717
14.295,0.0,20.184,2.263,45.676
14.307,0.0,20.18,2.265,45.708
14.319,0.0,20.184,2.264,45.697
14.329,0.0,20.184,2.265,45.717
14.34,0.0,20.18,2.266,45.728
14.352,0.0,20.184,2.264,45.697
14.363,0.0,20.18,2.266,45.728
14.374,0.0,20.18,2.264,45.688
14.386,0.0,20.184,2.263,45.676
14.397,0.0,20.184,2.263,45.676
14.408,0.0,20.188,2.267,45.766
14.419,0.0,20.18,2.264,45.688
14.429,0.0,20.18,2.262,45.647
14.44,0.0,20.184,2.266,45.737
14.451,0.0,20.184,2.264,45.697
14.462,0.0,20.184,2.264,45.697
14.473,0.0,20.184,2.265,45.717
14.484,0.0,20.184,2.264,45.697
14.494,0.0,20.184,2.264,45.697
14.505,0.0,20.184,2.264,45.697
14.516,0.0,20.18,2.262,45.647
14.526,0.0,20.184,2.266,45.737
14.537,0.0,20.184,2.266,45.737
14.549,0.0,20.184,2.262,45.656
14.559,0.0,20.18,2.266,45.728
14.57,0.0,20.184,2.264,45.697
14.581,0.0,20.184,2.265,45.717
14.591,0.0,20.184,2.264,45.697
14.603,0.0,20.184,2.266,45.737
14.614,0.0,20.18,2.265,45.708
14.624,0.0,20.184,2.264,45.697
14.635,0.0,20.18,2.264,45.688
14.646,0.0,20.184,2.267,45.757
14.656,0.0,20.184,2.265,45.717
14.667,0.0,20.18,2.264,45.688
14.679,0.0,20.18,2.264,45.688
14.689,0.0,20.184,2.263,45.676
14.7,0.0,20.184,2.266,45.737
14.711,0.0,20.184,2.263,45.676
14.721,0.0,20.184,2.264,45.697
14.732,0.0,20.18,2.263,45.667
14.743,0.0,20.184,2.264,45.697
14.754,0.0,20.18,2.266,45.728
14.765,0.0,20.184,2.263,45.676
14.777,0.0,20.184,2.264,45.697
14.797,0.0,20.184,2.262,45.656
14.81,0.0,20.184,2.264,45.697
14.823,0.0,20.184,2.264,45.697
14.834,0.0,20.184,2.265,45.717
14.842,0.0,20.184,2.262,45.656
14.85,0.0,20.18,2.263,45.667
14.858,0.0,20.184,2.265,45.717
14.867,0.0,20.184,2.264,45.697
14.874,0.0,20.184,2.264,45.697
14.882,0.0,20.184,2.264,45.697
14.89,0.0,20.184,2.263,45.676
14.899,0.0,20.18,2.265,45.708
14.907,0.0,20.18,2.264,45.688
14.914,0.0,20.184,2.264,45.697
14.922,0.0,20.184,2.263,45.676
14.931,0.0,20.184,2.263,45.676
14.939,0.0,20.184,2.264,45.697
14.946,0.0,20.184,2.264,45.697
14.955,0.0,20.184,2.263,45.676
14.964,0.0,20.184,2.265,45.717
14.971,0.0,20.184,2.263,45.676
14.979,0.0,20.184,2.263,45.676
14.987,0.0,20.188,2.264,45.706
14.996,0.0,20.184,2.265,45.717
15.003,0.0,20.184,2.263,45.676
15.011,0.0,20.184,2.264,45.697
15.019,0.0,20.184,2.264,45.697
15.028,0.0,20.184,2.263,45.676
15.035,0.0,20.184,2.264,45.697
15.043,0.0,20.184,2.264,45.697
15.051,0.0,20.18,2.263,45.667
15.06,0.0,20.184,2.262,45.656
15.068,0.0,20.18,2.264,45.688
15.075,0.0,20.184,2.264,45.697
15.083,0.0,20.184,2.263,45.676
15.092,0.0,20.184,2.263,45.676
15.1,0.0,20.18,2.264,45.688
15.107,0.0,20.184,2.263,45.676
15.115,0.0,20.184,2.267,45.757
15.124,0.0,20.184,2.265,45.717
15.132,0.0,20.184,2.264,45.697
15.139,0.0,20.184,2.264,45.697
15.147,0.0,20.184,2.265,45.717
15.156,0.0,20.184,2.264,45.697
15.164,0.0,20.18,2.265,45.708
15.171,0.0,20.184,2.265,45.717
15.18,0.0,20.176,2.264,45.678
15.188,0.0,20.184,2.263,45.676
15.196,0.0,20.184,2.265,45.717
15.204,0.0,20.18,2.265,45.708
15.212,0.0,20.18,2.264,45.688
15.22,0.0,20.184,2.266,45.737
15.228,0.0,20.184,2.264,45.697
15.236,0.0,20.184,2.264,45.697
15.244,0.0,20.184,2.264,45.697
15.252,0.0,20.184,2.265,45.717
15.26,0.0,20.184,2.263,45.676
15.268,0.0,20.184,2.264,45.697
15.276,0.0,20.184,2.264,45.697
15.285,0.0,20.184,2.264,45.697
