Timestamp[us],Slope,VBUS Voltage[V],VBUS Current[A],VBUS Wattage[W]
0.084,0.0,0.16,0.0,0.0
0.093,0.0,0.156,0.0,0.0
0.101,0.0,0.16,0.0,0.0
0.11,0.0,0.16,0.0,0.0
0.119,0.0,0.16,0.0,0.0
0.127,0.0,0.156,0.0,0.0
0.137,0.0,0.156,0.0,0.0
0.147,0.0,0.16,0.0,0.0
0.156,0.0,0.16,0.0,0.0
0.164,0.0,0.16,0.0,0.0
0.172,0.0,0.16,0.0,0.0
0.181,0.0,0.156,0.0,0.0
0.191,0.0,0.16,0.0,0.0
0.2,0.0,0.16,0.0,0.0
0.209,0.0,0.16,0.0,0.0
0.218,0.0,0.16,0.0,0.0
0.226,0.0,0.156,0.0,0.0
0.234,0.0,0.16,0.0,0.0
0.244,0.0,0.156,0.0,0.0
0.254,0.0,0.16,0.0,0.0
0.263,0.0,0.16,0.0,0.0
0.272,0.0,0.156,0.0,0.0
0.28,0.0,0.156,0.0,0.0
0.289,0.0,0.156,0.0,0.0
0.298,0.0,0.16,0.0,0.0
0.308,0.0,0.16,0.0,0.0
0.317,0.0,0.16,0.0,0.0
0.325,0.0,0.156,0.0,0.0
0.334,0.0,0.156,0.0,0.0
0.385,0.0,0.156,0.0,0.0
0.393,0.0,0.152,0.0,0.0
0.401,0.0,0.156,0.0,0.0
0.412,0.0,0.16,0.0,0.0
0.421,0.0,0.156,0.0,0.0
0.43,0.0,0.156,0.0,0.0
0.439,0.0,0.16,0.0,0.0
0.447,0.0,0.156,0.0,0.0
0.456,0.0,0.16,0.0,0.0
0.466,0.0,0.156,0.0,0.0
0.475,0.0,0.156,0.0,0.0
0.484,0.0,0.16,0.0,0.0
0.492,0.0,0.156,0.0,0.0
0.501,0.0,0.156,0.0,0.0
0.509,0.0,0.156,0.0,0.0
0.52,0.0,0.16,0.0,0.0
0.529,0.0,0.156,0.0,0.0
0.538,0.0,0.156,0.0,0.0
0.546,0.0,0.156,0.0,0.0
0.555,0.0,0.156,0.0,0.0
0.563,0.0,0.16,0.0,0.0
0.574,0.0,0.156,0.0,0.0
0.583,0.0,0.16,0.0,0.0
0.592,0.0,0.156,0.0,0.0
0.601,0.0,0.156,0.0,0.0
0.61,0.0,0.16,0.0,0.0
0.618,0.0,0.156,0.0,0.0
0.628,0.0,0.156,0.0,0.0
0.637,0.0,0.156,0.0,0.0
0.646,0.0,0.156,0.0,0.0
0.654,0.0,0.156,0.0,0.0
0.663,0.0,0.156,0.0,0.0
0.671,0.0,0.156,0.0,0.0
0.681,0.0,0.156,0.0,0.0
0.69,0.0,0.16,0.0,0.0
0.699,0.0,0.156,0.0,0.0
0.708,0.0,0.16,0.0,0.0
0.716,0.0,0.156,0.0,0.0
0.725,0.0,0.16,0.0,0.0
0.735,0.0,0.16,0.0,0.0
0.744,0.0,0.16,0.0,0.0
0.754,0.0,0.156,0.0,0.0
0.763,0.0,5.076,0.0,0.0
0.772,0.0,5.076,0.011,0.056
0.82,0.0,5.08,0.01,0.051
0.829,0.0,5.08,0.0,0.0
0.837,0.0,5.076,0.0,0.0
0.848,0.0,5.08,0.0,0.0
0.858,0.0,5.076,0.0,0.0
0.867,0.0,5.076,0.0,0.0
0.876,0.0,5.076,0.0,0.0
0.885,0.0,5.076,0.0,0.0
0.893,0.0,5.076,0.0,0.0
0.904,0.0,5.076,0.0,0.0
0.913,0.0,5.076,0.01,0.051
0.922,0.0,5.076,0.0,0.0
0.931,0.0,5.076,0.0,0.0
0.94,0.0,5.076,0.0,0.0
0.948,0.0,5.076,0.0,0.0
0.959,0.0,5.076,0.0,0.0
0.968,0.0,5.076,0.0,0.0
0.977,0.0,5.08,0.0,0.0
0.985,0.0,5.072,0.974,4.94
0.994,0.0,9.112,0.019,0.173
1.002,0.0,9.108,0.017,0.155
1.013,0.0,9.108,0.017,0.155
1.117,0.0,9.112,0.016,0.146
1.127,0.0,9.108,0.016,0.146
1.136,0.0,9.108,0.016,0.146
1.144,0.0,9.108,0.015,0.137
1.153,0.0,9.108,0.016,0.146
1.161,78.0,9.108,0.015,0.137
1.171,81.0,9.108,0.016,0.146
1.18,84.0,9.108,0.015,0.137
1.189,87.0,9.108,0.016,0.146
1.198,90.0,9.108,0.015,0.137
1.206,93.0,9.108,0.014,0.128
1.215,96.0,9.108,0.015,0.137
1.224,98.0,9.108,0.014,0.128
1.234,101.0,9.108,0.016,0.146
1.243,103.0,9.108,0.016,0.146
1.252,105.0,9.108,0.014,0.128
1.26,108.0,9.108,0.015,0.137
1.269,110.0,9.112,0.014,0.128
1.278,112.0,9.108,0.014,0.128
1.288,113.0,9.108,0.015,0.137
1.298,115.0,9.104,0.016,0.146
1.307,117.0,9.108,0.015,0.137
1.315,118.0,9.108,0.016,0.146
1.324,120.0,9.108,0.015,0.137
1.333,121.0,9.108,0.016,0.146
1.343,122.0,9.108,0.017,0.155
1.351,123.0,9.112,0.015,0.137
1.36,124.0,20.248,0.078,1.579
1.368,132.0,20.244,0.068,1.377
1.422,139.0,20.244,0.071,1.437
1.43,146.0,20.244,0.066,1.336
1.488,153.0,20.244,0.068,1.377
1.497,159.0,20.244,0.063,1.275
1.507,165.0,20.244,0.066,1.336
1.516,171.0,20.244,0.06,1.215
1.525,177.0,20.244,0.067,1.356
1.533,183.0,20.244,0.06,1.215
1.542,188.0,20.248,0.066,1.336
1.55,193.0,20.244,0.066,1.336
1.56,198.0,20.244,0.067,1.356
1.569,202.0,20.244,0.064,1.296
1.577,207.0,20.244,0.067,1.356
1.586,211.0,20.244,0.067,1.356
1.594,215.0,20.244,0.062,1.255
1.603,218.0,20.24,0.066,1.336
1.613,222.0,20.244,0.06,1.215
1.623,225.0,20.244,0.064,1.296
1.631,228.0,20.244,0.064,1.296
1.64,230.0,20.244,0.066,1.336
1.649,233.0,20.244,0.06,1.215
1.658,235.0,20.244,0.067,1.356
1.668,237.0,20.244,0.065,1.316
1.677,239.0,20.244,0.064,1.296
1.686,240.0,20.244,0.068,1.377
1.694,241.0,20.244,0.063,1.275
1.703,242.0,20.24,0.067,1.356
1.711,243.0,20.244,0.059,1.194
1.721,243.0,20.24,0.066,1.336
1.73,244.0,20.244,0.063,1.275
1.739,244.0,20.244,0.069,1.397
1.747,243.0,20.244,0.061,1.235
1.756,243.0,20.248,0.066,1.336
1.764,242.0,20.244,0.067,1.356
1.774,241.0,20.244,0.066,1.336
1.783,240.0,20.248,0.065,1.316
1.792,238.0,20.244,0.063,1.275
1.801,237.0,20.244,0.059,1.194
1.809,235.0,20.24,0.063,1.275
1.818,233.0,20.24,0.06,1.214
1.828,230.0,20.248,0.063,1.276
1.837,228.0,20.244,0.068,1.377
1.846,225.0,20.244,0.061,1.235
1.855,222.0,20.244,0.066,1.336
1.864,218.0,20.244,0.062,1.255
1.872,215.0,20.244,0.064,1.296
1.882,211.0,20.244,0.064,1.296
1.892,207.0,20.244,0.062,1.255
1.9,205.0,20.24,0.059,1.194
1.909,204.0,20.244,0.061,1.235
1.917,202.0,20.244,0.065,1.316
1.925,200.0,20.248,0.062,1.255
1.936,198.0,20.248,0.069,1.397
1.944,196.0,20.244,0.059,1.194
1.953,193.0,20.244,0.064,1.296
1.961,191.0,20.244,0.062,1.255
1.97,188.0,20.244,0.067,1.356
1.978,185.0,20.244,0.062,1.255
1.988,182.0,20.244,0.065,1.316
1.998,178.0,20.244,0.061,1.235
2.007,175.0,20.244,0.059,1.194
2.015,171.0,20.244,0.062,1.255
2.024,167.0,20.248,0.062,1.255
2.032,163.0,20.24,0.065,1.316
2.043,159.0,20.244,0.063,1.275
2.052,154.0,20.24,0.064,1.295
2.061,150.0,20.244,0.061,1.235
2.07,145.0,20.248,0.067,1.357
2.078,140.0,20.248,0.062,1.255
2.086,137.0,20.244,0.062,1.255
2.097,134.0,20.248,0.062,1.255
2.107,131.0,20.24,0.061,1.235
2.115,128.0,20.244,0.066,1.336
2.123,125.0,20.248,0.062,1.255
2.132,121.0,20.248,0.066,1.336
2.14,118.0,20.248,0.06,1.215
2.15,114.0,20.244,0.066,1.336
2.159,110.0,20.248,0.059,1.195
2.168,106.0,20.24,0.068,1.376
2.176,102.0,20.248,0.063,1.276
2.185,98.0,20.248,0.066,1.336
2.193,94.0,20.244,0.062,1.255
2.203,89.0,20.24,0.062,1.255
2.212,85.0,20.244,0.064,1.296
2.221,80.0,20.244,0.062,1.255
2.23,75.0,20.248,0.068,1.377
2.238,70.0,20.248,0.059,1.195
2.247,65.0,20.244,0.064,1.296
2.257,60.0,20.244,0.065,1.316
2.266,54.0,20.244,0.065,1.316
2.275,49.0,20.24,0.069,1.397
2.284,43.0,20.24,0.063,1.275
2.293,37.0,20.244,0.066,1.336
2.301,31.0,20.244,0.063,1.275
2.311,25.0,20.244,0.063,1.275
2.321,19.0,20.248,0.062,1.255
2.329,13.0,20.248,0.067,1.357
2.338,6.0,20.244,0.06,1.215
2.346,0.0,20.244,0.064,1.296
2.354,0.0,20.244,0.063,1.275
2.364,0.0,20.244,0.066,1.336
2.373,0.0,20.244,0.068,1.377
2.382,0.0,20.244,0.063,1.275
2.39,0.0,20.244,0.064,1.296
2.399,0.0,20.244,0.064,1.296
2.407,0.0,20.244,0.067,1.356
2.417,0.0,20.248,0.06,1.215
2.426,0.0,20.244,0.066,1.336
2.435,0.0,20.244,0.062,1.255
2.444,0.0,20.244,0.064,1.296
2.452,0.0,20.244,0.064,1.296
2.461,0.0,20.248,0.068,1.377
2.471,0.0,20.248,0.065,1.316
2.48,0.0,20.244,0.068,1.377
2.489,0.0,20.248,0.063,1.276
2.498,0.0,20.244,0.059,1.194
2.507,0.0,20.244,0.066,1.336
2.515,0.0,20.244,0.063,1.275
2.525,0.0,20.248,0.066,1.336
2.535,0.0,20.244,0.062,1.255
2.543,0.0,20.248,0.064,1.296
2.552,0.0,20.244,0.063,1.275
2.56,0.0,20.244,0.07,1.417
2.568,0.0,20.244,0.066,1.336
2.579,0.0,20.24,0.065,1.316
2.587,0.0,20.244,0.067,1.356
2.596,0.0,20.248,0.06,1.215
2.604,0.0,20.244,0.068,1.377
2.613,0.0,20.248,0.064,1.296
2.621,0.0,20.244,0.064,1.296
2.631,0.0,20.244,0.061,1.235
2.64,0.0,20.248,0.066,1.336
2.649,0.0,20.244,0.061,1.235
2.658,0.0,20.244,0.067,1.356
2.666,0.0,20.244,0.062,1.255
2.675,0.0,20.248,0.065,1.316
2.685,0.0,20.244,0.065,1.316
2.694,0.0,20.244,0.062,1.255
2.703,0.0,20.248,0.065,1.316
2.712,0.0,20.248,0.064,1.296
2.721,0.0,20.244,0.066,1.336
2.729,0.0,20.244,0.057,1.154
2.74,0.0,20.244,0.065,1.316
2.749,0.0,20.244,0.063,1.275
2.758,0.0,20.244,0.066,1.336
2.766,0.0,20.244,0.068,1.377
2.775,0.0,20.248,0.064,1.296
2.783,0.0,20.248,0.059,1.195
2.793,0.0,20.248,0.062,1.255
2.802,0.0,20.248,0.061,1.235
2.81,0.0,20.248,0.063,1.276
2.819,0.0,20.244,0.062,1.255
2.827,0.0,20.244,0.06,1.215
2.835,0.0,20.244,0.059,1.194
2.846,0.0,20.244,0.062,1.255
2.855,0.0,20.244,0.065,1.316
2.864,0.0,20.244,0.06,1.215
2.872,0.0,20.244,0.064,1.296
2.881,0.0,20.244,0.059,1.194
2.89,0.0,20.244,0.067,1.356
2.9,0.0,20.244,0.061,1.235
2.909,0.0,20.244,0.062,1.255
2.918,0.0,20.244,0.065,1.316
2.926,0.0,20.244,0.061,1.235
2.935,0.0,20.244,0.059,1.194
2.943,0.0,20.244,0.062,1.255
2.953,0.0,20.244,0.066,1.336
2.962,0.0,20.244,0.059,1.194
2.971,0.0,20.244,0.066,1.336
2.979,0.0,20.244,0.06,1.215
2.987,0.0,20.248,0.065,1.316
2.995,0.0,20.244,0.063,1.275
3.006,0.0,20.244,0.065,1.316
3.015,0.0,20.244,0.059,1.194
3.023,0.0,20.244,0.06,1.215
3.032,0.0,20.244,0.06,1.215
3.04,0.0,20.244,0.06,1.215
3.048,0.0,20.244,0.062,1.255
3.059,0.0,20.248,0.06,1.215
3.067,0.0,20.248,0.065,1.316
3.076,0.0,20.244,0.06,1.215
3.084,0.0,20.244,0.066,1.336
3.093,0.0,20.244,0.059,1.194
3.101,0.0,20.244,0.066,1.336
3.111,0.0,20.244,0.059,1.194
3.12,0.0,20.248,0.065,1.316
3.129,0.0,20.244,0.064,1.296
3.137,0.0,20.244,0.061,1.235
3.146,0.0,20.248,0.06,1.215
3.154,0.0,20.248,0.061,1.235
3.164,0.0,20.244,0.059,1.194
3.173,0.0,20.24,0.064,1.295
3.181,0.0,20.244,0.068,1.377
3.19,0.0,20.244,0.058,1.174
3.198,0.0,20.244,0.065,1.316
3.207,0.0,20.244,0.063,1.275
3.216,0.0,20.244,0.067,1.356
3.225,0.0,20.248,0.063,1.276
3.234,0.0,20.244,0.065,1.316
3.242,0.0,20.244,0.059,1.194
3.251,0.0,20.24,0.065,1.316
3.259,0.0,20.248,0.067,1.357
3.269,0.0,20.244,0.062,1.255
3.278,0.0,20.244,0.066,1.336
3.286,0.0,20.24,0.06,1.214
3.296,0.0,20.244,0.063,1.275
3.304,0.0,20.244,0.064,1.296
3.312,0.0,20.24,0.067,1.356
3.323,0.0,20.248,0.06,1.215
3.333,0.0,20.24,0.066,1.336
3.341,0.0,20.244,0.064,1.296
3.35,0.0,20.244,0.064,1.296
3.359,0.0,20.244,0.067,1.356
3.367,0.0,20.244,0.064,1.296
3.378,0.0,20.244,0.066,1.336
3.386,0.0,20.248,0.062,1.255
3.395,0.0,20.244,0.065,1.316
3.404,0.0,20.244,0.063,1.275
3.412,0.0,20.244,0.068,1.377
3.421,0.0,20.244,0.06,1.215
3.431,0.0,20.244,0.063,1.275
3.44,0.0,20.248,0.065,1.316
3.449,0.0,20.244,0.06,1.215
3.458,0.0,20.244,0.067,1.356
3.466,0.0,20.244,0.061,1.235
3.475,0.0,20.244,0.064,1.296
3.485,0.0,20.244,0.059,1.194
3.494,0.0,20.244,0.066,1.336
3.503,0.0,20.244,0.058,1.174
3.512,0.0,20.244,0.069,1.397
3.52,0.0,20.244,0.065,1.316
3.529,0.0,20.244,0.066,1.336
3.54,0.0,20.244,0.063,1.275
3.549,0.0,20.248,0.06,1.215
3.558,0.0,20.244,0.066,1.336
3.566,0.0,20.244,0.063,1.275
3.575,0.0,20.244,0.067,1.356
3.584,0.0,20.24,0.059,1.194
3.595,0.0,20.244,0.065,1.316
3.604,0.0,20.24,0.065,1.316
3.613,0.0,20.244,0.065,1.316
3.621,0.0,20.244,0.068,1.377
3.63,0.0,20.244,0.059,1.194
3.64,0.0,20.244,0.065,1.316
3.649,0.0,20.248,0.061,1.235
3.658,0.0,20.248,0.065,1.316
3.667,0.0,20.244,0.062,1.255
3.676,0.0,20.244,0.067,1.356
3.684,0.0,20.244,0.066,1.336
3.695,0.0,20.244,0.065,1.316
3.705,0.0,20.244,0.064,1.296
3.713,0.0,20.244,0.061,1.235
3.722,0.0,20.244,0.065,1.316
3.731,0.0,20.248,0.063,1.276
3.739,0.0,20.244,0.067,1.356
3.75,0.0,20.244,0.061,1.235
3.759,0.0,20.248,0.065,1.316
3.768,0.0,20.244,0.06,1.215
3.776,0.0,20.248,0.066,1.336
3.785,0.0,20.24,0.06,1.214
3.793,0.0,20.248,0.061,1.235
3.803,0.0,20.248,0.061,1.235
3.812,0.0,20.248,0.06,1.215
3.821,0.0,20.24,0.066,1.336
3.83,0.0,20.244,0.062,1.255
3.838,0.0,20.244,0.066,1.336
3.847,0.0,20.244,0.06,1.215
3.857,0.0,20.244,0.065,1.316
3.866,0.0,20.244,0.061,1.235
3.875,0.0,20.244,0.066,1.336
3.884,0.0,20.244,0.063,1.275
3.893,0.0,20.244,0.062,1.255
3.901,0.0,20.248,0.059,1.195
3.912,0.0,20.248,0.06,1.215
3.921,0.0,20.248,0.065,1.316
3.93,0.0,20.244,0.062,1.255
3.938,0.0,20.244,0.067,1.356
3.946,0.0,20.244,0.059,1.194
3.955,0.0,20.24,0.064,1.295
3.965,0.0,20.244,0.061,1.235
3.974,0.0,20.24,0.065,1.316
3.982,0.0,20.244,0.063,1.275
3.99,0.0,20.244,0.062,1.255
3.999,0.0,20.244,0.06,1.215
4.007,0.0,20.244,0.06,1.215
4.017,0.0,20.244,0.062,1.255
4.026,0.0,20.244,0.064,1.296
4.035,0.0,20.248,0.068,1.377
4.044,0.0,20.244,0.06,1.215
4.053,0.0,20.244,0.064,1.296
4.061,0.0,20.248,0.06,1.215
4.071,0.0,20.244,0.068,1.377
4.081,0.0,20.244,0.062,1.255
4.089,0.0,20.248,0.066,1.336
4.097,0.0,20.244,0.06,1.215
4.107,0.0,20.244,0.059,1.194
4.115,0.0,20.244,0.06,1.215
4.126,0.0,20.244,0.062,1.255
4.135,0.0,20.244,0.066,1.336
4.144,0.0,20.244,0.062,1.255
4.152,0.0,20.248,0.065,1.316
4.16,0.0,20.244,0.059,1.194
4.169,0.0,20.244,0.068,1.377
4.179,0.0,20.24,0.063,1.275
4.188,0.0,20.244,0.062,1.255
4.196,0.0,20.248,0.061,1.235
4.205,0.0,20.244,0.06,1.215
4.213,0.0,20.244,0.061,1.235
4.222,0.0,20.24,0.063,1.275
4.232,0.0,20.248,0.068,1.377
4.241,0.0,20.244,0.06,1.215
4.25,0.0,20.244,0.065,1.316
4.258,0.0,20.24,0.06,1.214
4.267,0.0,20.244,0.068,1.377
4.276,0.0,20.244,0.066,1.336
4.286,0.0,20.244,0.06,1.215
4.295,0.0,20.244,0.064,1.296
4.304,0.0,20.244,0.06,1.215
4.312,0.0,20.244,0.066,1.336
4.321,0.0,20.244,0.062,1.255
4.331,0.0,20.248,0.065,1.316
4.341,0.0,20.244,0.062,1.255
4.35,0.0,20.244,0.066,1.336
4.358,0.0,20.24,0.065,1.316
4.366,0.0,20.248,0.065,1.316
4.375,0.0,20.244,0.067,1.356
4.384,0.0,20.244,0.064,1.296
4.393,0.0,20.244,0.063,1.275
4.402,0.0,20.248,0.059,1.195
4.411,0.0,20.244,0.066,1.336
4.419,0.0,20.248,0.062,1.255
4.427,0.0,20.244,0.066,1.336
4.437,0.0,20.244,0.06,1.215
4.446,0.0,20.244,0.064,1.296
4.455,0.0,20.24,0.063,1.275
4.464,0.0,20.244,0.069,1.397
4.472,0.0,20.248,0.066,1.336
4.481,0.0,20.244,0.065,1.316
4.491,0.0,20.244,0.066,1.336
4.5,0.0,20.244,0.061,1.235
4.509,0.0,20.244,0.067,1.356
4.518,0.0,20.244,0.062,1.255
4.527,0.0,20.244,0.064,1.296
4.535,0.0,20.24,0.061,1.235
4.546,0.0,20.244,0.063,1.275
4.555,0.0,20.244,0.065,1.316
4.564,0.0,20.244,0.066,1.336
4.572,0.0,20.244,0.065,1.316
4.581,0.0,20.244,0.066,1.336
4.589,0.0,20.244,0.064,1.296
4.599,0.0,20.244,0.06,1.215
4.608,0.0,20.248,0.066,1.336
4.617,0.0,20.248,0.063,1.276
4.625,0.0,20.244,0.064,1.296
4.633,0.0,20.248,0.06,1.215
4.642,0.0,20.244,0.066,1.336
4.652,0.0,20.24,0.06,1.214
4.661,0.0,20.244,0.065,1.316
4.67,0.0,20.244,0.067,1.356
4.679,0.0,20.244,0.066,1.336
4.687,0.0,20.244,0.066,1.336
4.696,0.0,20.244,0.066,1.336
4.706,0.0,20.248,0.065,1.316
4.715,0.0,20.248,0.064,1.296
4.724,0.0,20.244,0.063,1.275
4.733,0.0,20.244,0.061,1.235
4.741,0.0,20.244,0.067,1.356
4.75,0.0,20.244,0.062,1.255
4.761,0.0,20.244,0.07,1.417
4.77,0.0,20.244,0.065,1.316
4.779,0.0,20.248,0.062,1.255
4.787,0.0,20.244,0.062,1.255
4.795,0.0,20.248,0.062,1.255
4.804,0.0,20.244,0.063,1.275
4.814,0.0,20.244,0.065,1.316
4.823,0.0,20.244,0.069,1.397
4.831,0.0,20.244,0.062,1.255
4.84,0.0,20.248,0.067,1.357
4.848,0.0,20.244,0.063,1.275
4.857,0.0,20.248,0.068,1.377
4.867,0.0,20.248,0.065,1.316
4.876,0.0,20.244,0.065,1.316
4.885,0.0,20.248,0.061,1.235
4.893,0.0,20.244,0.064,1.296
4.902,0.0,20.244,0.065,1.316
4.911,0.0,20.244,0.062,1.255
4.921,0.0,20.248,0.071,1.438
4.93,0.0,20.248,0.062,1.255
4.939,0.0,20.248,0.065,1.316
4.947,0.0,20.244,0.064,1.296
4.956,0.0,20.248,0.071,1.438
4.965,0.0,20.248,0.065,1.316
4.975,0.0,20.244,0.064,1.296
4.984,0.0,20.244,0.062,1.255
4.993,0.0,20.244,0.06,1.215
5.001,0.0,20.244,0.063,1.275
5.01,0.0,20.248,0.064,1.296
5.019,0.0,20.244,0.063,1.275
5.028,0.0,20.248,0.063,1.276
5.037,0.0,20.244,0.065,1.316
5.046,0.0,20.244,0.063,1.275
5.055,0.0,20.244,0.069,1.397
5.063,0.0,20.244,0.064,1.296
5.073,0.0,20.244,0.068,1.377
5.083,0.0,20.244,0.062,1.255
5.092,0.0,20.244,0.061,1.235
5.101,0.0,20.24,0.067,1.356
5.109,0.0,20.244,0.065,1.316
5.117,0.0,20.248,0.063,1.276
5.127,0.0,20.248,0.063,1.276
5.137,0.0,20.244,0.065,1.316
5.146,0.0,20.24,0.062,1.255
5.154,0.0,20.248,0.068,1.377
5.163,0.0,20.244,0.063,1.275
5.171,0.0,20.244,0.066,1.336
5.181,0.0,20.244,0.065,1.316
5.19,0.0,20.244,0.061,1.235
5.199,0.0,20.244,0.063,1.275
5.207,0.0,20.244,0.068,1.377
5.215,0.0,20.184,2.016,40.691
5.224,0.0,20.188,2.036,41.103
5.234,0.0,20.184,2.064,41.66
5.243,0.0,20.188,2.079,41.971
5.252,0.0,20.184,2.114,42.669
5.261,0.0,20.188,2.113,42.657
5.269,0.0,20.184,2.134,43.073
5.278,0.0,20.184,2.157,43.537
5.288,0.0,20.188,2.187,44.151
5.297,0.0,20.184,2.206,44.526
5.306,0.0,20.188,2.203,44.474
5.315,0.0,20.184,2.231,45.031
5.324,0.0,20.184,2.246,45.333
5.332,0.0,20.18,2.276,45.93
5.342,0.0,20.18,2.296,46.333
5.352,0.0,20.184,2.324,46.908
5.36,0.0,20.184,2.325,46.928
5.369,0.0,20.184,2.342,47.271
5.377,0.0,20.18,2.372,47.867
5.385,0.0,20.18,2.391,48.25
5.396,0.0,20.184,2.393,48.3
5.405,0.0,20.184,2.415,48.744
5.413,0.0,20.176,2.443,49.29
5.421,0.0,20.204,2.457,49.641
5.43,0.0,20.18,2.484,50.127
5.438,0.0,20.184,2.484,50.137
5.449,0.0,20.184,2.535,51.166
5.458,0.0,20.176,2.534,51.126
5.467,0.0,20.18,2.558,51.62
5.475,0.0,20.18,2.578,52.024
5.484,0.0,20.18,2.598,52.428
5.493,0.0,20.18,2.607,52.609
5.503,0.0,20.18,2.626,52.993
5.512,0.0,20.18,2.656,53.598
5.521,0.0,20.176,2.669,53.85
5.53,0.0,20.18,2.697,54.425
5.539,0.0,20.176,2.72,54.879
5.547,0.0,20.176,2.724,54.959
5.558,0.0,20.176,2.748,55.444
5.567,0.0,20.172,2.766,55.796
5.576,0.0,20.172,2.788,56.24
5.584,0.0,20.172,2.811,56.703
5.592,0.0,20.172,2.813,56.744
5.601,0.0,20.172,2.857,57.631
5.611,0.0,20.172,2.864,57.773
5.62,0.0,20.172,2.88,58.095
5.629,0.0,20.172,2.909,58.68
5.637,0.0,20.172,2.932,59.144
5.645,-1.0,20.172,2.936,59.225
5.654,-1.0,20.172,2.955,59.608
5.664,-1.0,20.168,2.955,59.596
5.673,-1.0,20.168,2.956,59.617
5.682,-1.0,20.168,2.949,59.475
5.69,-1.0,20.172,2.956,59.628
5.699,-1.0,20.172,2.952,59.548
5.708,-1.0,20.172,2.956,59.628
5.718,-1.0,20.168,2.951,59.516
5.727,-1.0,20.172,2.955,59.608
5.736,-1.0,20.168,2.956,59.617
5.744,-1.0,20.168,2.958,59.657
5.753,-1.0,20.172,2.958,59.669
5.761,-1.0,20.172,2.956,59.628
5.771,-1.0,20.172,2.949,59.487
5.78,-1.0,20.168,2.951,59.516
5.789,-1.0,20.172,2.953,59.568
5.797,-1.0,20.168,2.952,59.536
5.805,0.0,20.172,2.954,59.588
5.813,0.0,20.172,2.951,59.528
5.823,0.0,20.172,2.953,59.568
5.832,0.0,20.168,2.955,59.596
5.84,0.0,20.172,2.956,59.628
5.848,0.0,20.168,2.953,59.556
5.856,0.0,20.168,2.956,59.617
5.864,0.0,20.168,2.952,59.536
5.874,0.0,20.168,2.96,59.697
5.883,0.0,20.168,2.953,59.556
5.892,0.0,20.168,2.953,59.556
5.9,0.0,20.168,2.953,59.556
5.909,0.0,20.168,2.957,59.637
5.917,0.0,20.172,2.951,59.528
5.926,0.0,20.172,2.956,59.628
5.935,0.0,20.172,2.951,59.528
5.944,0.0,20.168,2.95,59.496
5.953,0.0,20.168,2.955,59.596
5.961,0.0,20.168,2.95,59.496
5.969,0.0,20.172,2.95,59.507
5.978,0.0,20.168,2.952,59.536
5.988,0.0,20.168,2.953,59.556
5.997,0.0,20.172,2.952,59.548
6.005,0.0,20.172,2.958,59.669
6.013,0.0,20.168,2.948,59.455
6.021,0.0,20.172,2.957,59.649
6.03,0.0,20.168,2.95,59.496
6.039,0.0,20.172,2.956,59.628
6.048,0.0,20.172,2.953,59.568
6.056,0.0,20.172,2.956,59.628
6.064,0.0,20.172,2.95,59.507
6.073,0.0,20.168,2.959,59.677
6.081,0.0,20.172,2.951,59.528
6.091,0.0,20.168,2.955,59.596
6.1,0.0,20.172,2.953,59.568
6.108,0.0,20.172,2.951,59.528
6.116,0.0,20.172,2.953,59.568
6.125,0.0,20.172,2.954,59.588
6.133,0.0,20.168,2.952,59.536
6.143,0.0,20.168,2.951,59.516
6.152,0.0,20.168,2.955,59.596
6.16,0.0,20.168,2.954,59.576
6.169,0.0,20.168,2.955,59.596
6.178,0.0,20.172,2.949,59.487
6.186,0.0,20.168,2.956,59.617
6.196,0.0,20.172,2.951,59.528
6.205,0.0,20.168,2.955,59.596
6.214,0.0,20.172,2.957,59.649
6.222,0.0,20.172,2.954,59.588
6.23,0.0,20.172,2.949,59.487
6.238,0.0,20.172,2.959,59.689
6.247,0.0,20.168,2.956,59.617
6.256,0.0,20.172,2.951,59.528
6.265,0.0,20.172,2.959,59.689
6.273,0.0,20.172,2.95,59.507
6.281,0.0,20.172,2.956,59.628
6.289,0.0,20.172,2.956,59.628
6.298,0.0,20.172,2.955,59.608
6.307,0.0,20.168,2.948,59.455
6.317,0.0,20.172,2.958,59.669
6.325,0.0,20.168,2.954,59.576
6.333,0.0,20.172,2.956,59.628
6.341,0.0,20.172,2.954,59.588
6.349,0.0,20.168,2.959,59.677
6.36,0.0,20.168,2.954,59.576
6.368,0.0,20.172,2.958,59.669
6.376,0.0,20.168,2.96,59.697
6.385,0.0,20.168,2.955,59.596
6.393,0.0,20.172,2.955,59.608
6.401,0.0,20.172,2.958,59.669
6.411,0.0,20.172,2.957,59.649
6.42,0.0,20.172,2.955,59.608
6.429,0.0,20.172,2.953,59.568
6.437,0.0,20.172,2.953,59.568
6.446,0.0,20.172,2.957,59.649
6.454,0.0,20.168,2.951,59.516
6.464,0.0,20.168,2.958,59.657
6.473,0.0,20.168,2.955,59.596
6.481,0.0,20.172,2.955,59.608
6.49,0.0,20.172,2.95,59.507
6.499,0.0,20.172,2.962,59.749
6.507,0.0,20.168,2.955,59.596
6.516,0.0,20.168,2.957,59.637
6.526,0.0,20.168,2.957,59.637
6.534,0.0,20.172,2.955,59.608
6.543,0.0,20.168,2.957,59.637
6.551,0.0,20.172,2.955,59.608
6.56,0.0,20.168,2.957,59.637
6.57,0.0,20.172,2.95,59.507
6.579,0.0,20.172,2.954,59.588
6.588,0.0,20.172,2.953,59.568
6.597,0.0,20.172,2.96,59.709
6.605,0.0,20.172,2.951,59.528
6.613,0.0,20.168,2.954,59.576
6.622,0.0,20.168,2.954,59.576
6.631,0.0,20.172,2.958,59.669
6.639,0.0,20.168,2.957,59.637
6.648,0.0,20.168,2.954,59.576
6.656,0.0,20.172,2.956,59.628
6.664,0.0,20.168,2.953,59.556
6.672,0.0,20.168,2.958,59.657
6.682,0.0,20.168,2.954,59.576
6.69,0.0,20.172,2.955,59.608
6.699,0.0,20.168,2.954,59.576
6.708,0.0,20.172,2.958,59.669
6.716,0.0,20.168,2.955,59.596
6.724,0.0,20.168,2.955,59.596
6.734,0.0,20.168,2.953,59.556
6.743,0.0,20.172,2.957,59.649
6.752,0.0,20.172,2.953,59.568
6.76,0.0,20.172,2.959,59.689
6.768,0.0,20.172,2.953,59.568
6.777,0.0,20.168,2.955,59.596
6.786,0.0,20.168,2.952,59.536
6.795,0.0,20.172,2.957,59.649
6.804,0.0,20.172,2.956,59.628
6.813,0.0,20.168,2.954,59.576
6.821,0.0,20.172,2.949,59.487
6.829,0.0,20.172,2.958,59.669
6.838,0.0,20.172,2.954,59.588
6.848,0.0,20.168,2.953,59.556
6.856,0.0,20.168,2.954,59.576
6.865,0.0,20.172,2.954,59.588
6.873,0.0,20.172,2.949,59.487
6.881,0.0,20.168,2.954,59.576
6.89,0.0,20.168,2.953,59.556
6.9,0.0,20.172,2.95,59.507
6.908,0.0,20.172,2.956,59.628
6.917,0.0,20.168,2.953,59.556
6.925,0.0,20.168,2.96,59.697
6.933,0.0,20.168,2.951,59.516
6.942,0.0,20.172,2.956,59.628
6.952,0.0,20.172,2.955,59.608
6.961,0.0,20.172,2.953,59.568
6.97,0.0,20.168,2.952,59.536
6.978,0.0,20.168,2.955,59.596
6.987,0.0,20.168,2.954,59.576
6.995,0.0,20.168,2.951,59.516
7.005,0.0,20.168,2.954,59.576
7.014,0.0,20.168,2.954,59.576
7.023,0.0,20.172,2.958,59.669
7.031,0.0,20.172,2.951,59.528
7.039,0.0,20.172,2.96,59.709
7.048,0.0,20.168,2.952,59.536
7.058,0.0,20.168,2.957,59.637
7.066,0.0,20.168,2.952,59.536
7.075,0.0,20.172,2.956,59.628
7.083,0.0,20.172,2.954,59.588
7.092,0.0,20.168,2.956,59.617
7.1,0.0,20.168,2.954,59.576
7.11,0.0,20.172,2.955,59.608
7.119,0.0,20.168,2.958,59.657
7.128,0.0,20.168,2.952,59.536
7.136,0.0,20.172,2.952,59.548
7.145,0.0,20.172,2.955,59.608
7.153,0.0,20.168,2.959,59.677
7.163,0.0,20.168,2.951,59.516
7.171,0.0,20.172,2.958,59.669
7.18,0.0,20.172,2.953,59.568
7.188,0.0,20.168,2.959,59.677
7.197,0.0,20.168,2.953,59.556
7.204,0.0,20.168,2.959,59.677
7.214,0.0,20.172,2.953,59.568
7.223,0.0,20.172,2.955,59.608
7.232,0.0,20.172,2.951,59.528
7.24,0.0,20.172,2.955,59.608
7.248,0.0,20.172,2.956,59.628
7.257,0.0,20.172,2.95,59.507
7.266,0.0,20.168,2.959,59.677
7.275,0.0,20.172,2.955,59.608
7.284,0.0,20.172,2.956,59.628
7.293,0.0,20.168,2.954,59.576
7.301,0.0,20.168,2.958,59.657
7.309,0.0,20.172,2.955,59.608
7.319,0.0,20.172,2.958,59.669
7.328,0.0,20.172,2.959,59.689
7.337,0.0,20.172,2.957,59.649
7.345,0.0,20.172,2.954,59.588
7.353,0.0,20.172,2.959,59.689
7.361,0.0,20.168,2.957,59.637
7.37,0.0,20.172,2.955,59.608
7.38,0.0,20.172,2.958,59.669
7.388,0.0,20.168,2.953,59.556
7.396,0.0,20.168,2.959,59.677
7.404,0.0,20.172,2.953,59.568
7.412,0.0,20.172,2.957,59.649
7.42,0.0,20.168,2.958,59.657
7.43,0.0,20.168,2.955,59.596
7.44,0.0,20.172,2.954,59.588
7.448,0.0,20.168,2.959,59.677
7.456,0.0,20.172,2.95,59.507
7.465,0.0,20.172,2.956,59.628
7.473,0.0,20.172,2.957,59.649
7.483,0.0,20.168,2.96,59.697
7.492,0.0,20.172,2.957,59.649
7.5,0.0,20.172,2.957,59.649
7.509,0.0,20.172,2.959,59.689
7.517,0.0,20.172,2.96,59.709
7.525,0.0,20.168,2.958,59.657
7.535,0.0,20.172,2.955,59.608
7.545,0.0,20.172,2.959,59.689
7.553,0.0,20.172,2.954,59.588
7.561,0.0,20.172,2.957,59.649
7.569,0.0,20.172,2.954,59.588
7.577,0.0,20.168,2.959,59.677
7.587,0.0,20.172,2.953,59.568
7.596,0.0,20.172,2.955,59.608
7.604,0.0,20.172,2.955,59.608
7.612,0.0,20.172,2.96,59.709
7.621,0.0,20.168,2.952,59.536
7.629,0.0,20.172,2.957,59.649
7.638,0.0,20.168,2.957,59.637
7.647,0.0,20.168,2.961,59.717
7.656,0.0,20.172,2.96,59.709
7.664,0.0,20.168,2.956,59.617
7.672,0.0,20.172,2.956,59.628
7.68,0.0,20.172,2.961,59.729
7.69,0.0,20.172,2.96,59.709
7.7,0.0,20.168,2.955,59.596
7.708,0.0,20.172,2.955,59.608
7.716,0.0,20.172,2.953,59.568
7.725,0.0,20.172,2.961,59.729
7.733,0.0,20.172,2.955,59.608
7.742,0.0,20.172,2.956,59.628
7.752,0.0,20.172,2.952,59.548
7.761,0.0,20.168,2.956,59.617
7.769,0.0,20.168,2.954,59.576
7.777,0.0,20.172,2.959,59.689
7.785,0.0,20.172,2.952,59.548
7.793,0.0,20.172,2.957,59.649
7.803,0.0,20.168,2.954,59.576
7.812,0.0,20.172,2.959,59.689
7.82,0.0,20.172,2.952,59.548
7.828,0.0,20.168,2.955,59.596
7.837,0.0,20.168,2.953,59.556
7.844,0.0,20.168,2.957,59.637
7.854,0.0,20.172,2.955,59.608
7.863,0.0,20.172,2.957,59.649
7.872,0.0,20.172,2.954,59.588
7.88,0.0,20.168,2.952,59.536
7.888,0.0,20.168,2.952,59.536
7.897,0.0,20.172,2.954,59.588
7.906,0.0,20.168,2.956,59.617
7.915,0.0,20.168,2.951,59.516
7.924,0.0,20.172,2.956,59.628
7.933,0.0,20.172,2.952,59.548
7.941,0.0,20.172,2.958,59.669
7.949,0.0,20.172,2.954,59.588
7.959,0.0,20.172,2.956,59.628
7.968,0.0,20.168,2.95,59.496
7.977,0.0,20.168,2.958,59.657
7.985,0.0,20.172,2.956,59.628
7.993,0.0,20.172,2.956,59.628
8.001,0.0,20.172,2.952,59.548
8.01,0.0,20.168,2.961,59.717
8.019,0.0,20.172,2.956,59.628
8.027,0.0,20.172,2.955,59.608
8.036,0.0,20.168,2.952,59.536
8.044,0.0,20.172,2.95,59.507
8.052,0.0,20.168,2.956,59.617
8.06,0.0,20.168,2.957,59.637
8.07,0.0,20.168,2.949,59.475
8.08,0.0,20.172,2.95,59.507
8.088,0.0,20.172,2.956,59.628
8.096,0.0,20.168,2.955,59.596
8.104,0.0,20.172,2.955,59.608
8.113,0.0,20.168,2.953,59.556
8.123,0.0,20.168,2.956,59.617
8.131,0.0,20.168,2.953,59.556
8.14,0.0,20.172,2.96,59.709
8.149,0.0,20.168,2.953,59.556
8.157,0.0,20.168,2.954,59.576
8.165,0.0,20.172,2.952,59.548
8.175,0.0,20.168,2.958,59.657
8.184,0.0,20.172,2.955,59.608
8.193,0.0,20.168,2.955,59.596
8.201,0.0,20.172,2.951,59.528
8.209,0.0,20.168,2.951,59.516
8.217,0.0,20.172,2.955,59.608
8.227,0.0,20.168,2.955,59.596
8.236,0.0,20.168,2.957,59.637
8.244,0.0,20.168,2.953,59.556
8.252,0.0,20.168,2.957,59.637
8.261,0.0,20.168,2.956,59.617
8.269,0.0,20.168,2.961,59.717
8.278,0.0,20.168,2.951,59.516
8.287,0.0,20.168,2.957,59.637
8.296,0.0,20.168,2.955,59.596
8.305,0.0,20.172,2.957,59.649
8.313,0.0,20.168,2.961,59.717
8.321,0.0,20.172,2.957,59.649
8.33,0.0,20.172,2.956,59.628
8.34,0.0,20.172,2.951,59.528
8.348,0.0,20.172,2.958,59.669
8.357,0.0,20.172,2.954,59.588
8.366,0.0,20.172,2.958,59.669
8.374,0.0,20.172,2.951,59.528
8.382,0.0,20.172,2.956,59.628
8.392,0.0,20.172,2.956,59.628
8.401,0.0,20.168,2.961,59.717
8.41,0.0,20.168,2.952,59.536
8.418,0.0,20.168,2.955,59.596
8.426,0.0,20.168,2.954,59.576
8.434,0.0,20.168,2.959,59.677
8.444,0.0,20.168,2.961,59.717
8.453,0.0,20.172,2.956,59.628
8.461,0.0,20.172,2.954,59.588
8.469,0.0,20.168,2.961,59.717
8.478,0.0,20.168,2.962,59.738
8.486,0.0,20.172,2.955,59.608
8.496,0.0,20.172,2.956,59.628
8.505,0.0,20.168,2.951,59.516
8.513,0.0,20.172,2.957,59.649
8.522,0.0,20.168,2.957,59.637
8.53,0.0,20.172,2.958,59.669
8.538,0.0,20.172,2.95,59.507
8.548,0.0,20.172,2.955,59.608
8.557,0.0,20.172,2.952,59.548
8.565,0.0,20.168,2.96,59.697
8.574,0.0,20.168,2.955,59.596
8.582,0.0,20.172,2.958,59.669
8.59,0.0,20.172,2.95,59.507
8.6,0.0,20.172,2.961,59.729
8.608,0.0,20.172,2.961,59.729
8.617,0.0,20.172,2.958,59.669
8.625,0.0,20.172,2.96,59.709
8.633,0.0,20.168,2.959,59.677
8.641,0.0,20.168,2.957,59.637
8.65,0.0,20.172,2.959,59.689
8.659,0.0,20.172,2.959,59.689
8.669,0.0,20.172,2.954,59.588
8.677,0.0,20.168,2.96,59.697
8.685,0.0,20.172,2.954,59.588
8.693,0.0,20.172,2.956,59.628
8.702,0.0,20.172,2.956,59.628
8.712,0.0,20.168,2.957,59.637
8.721,0.0,20.168,2.956,59.617
8.729,0.0,20.172,2.959,59.689
8.738,0.0,20.172,2.95,59.507
8.746,0.0,20.172,2.957,59.649
8.755,0.0,20.168,2.955,59.596
8.764,0.0,20.168,2.959,59.677
8.774,0.0,20.172,2.955,59.608
8.782,0.0,20.168,2.957,59.637
8.79,0.0,20.172,2.953,59.568
8.798,0.0,20.168,2.959,59.677
8.806,0.0,20.168,2.955,59.596
8.817,0.0,20.172,2.954,59.588
8.825,0.0,20.168,2.952,59.536
8.834,0.0,20.168,2.953,59.556
8.842,0.0,20.172,2.951,59.528
8.85,0.0,20.168,2.954,59.576
8.858,0.0,20.168,2.953,59.556
8.868,0.0,20.172,2.949,59.487
8.877,0.0,20.172,2.956,59.628
8.885,0.0,20.168,2.956,59.617
8.894,0.0,20.172,2.96,59.709
8.902,0.0,20.172,2.952,59.548
8.91,0.0,20.172,2.956,59.628
8.92,0.0,20.172,2.95,59.507
8.929,0.0,20.172,2.956,59.628
8.937,0.0,20.172,2.954,59.588
8.946,0.0,20.172,2.958,59.669
8.955,0.0,20.172,2.953,59.568
8.963,0.0,20.168,2.953,59.556
8.972,0.0,20.172,2.955,59.608
8.982,0.0,20.168,2.952,59.536
8.99,0.0,20.168,2.955,59.596
8.999,0.0,20.172,2.952,59.548
9.007,0.0,20.168,2.951,59.516
9.015,0.0,20.172,2.955,59.608
9.024,0.0,20.172,2.953,59.568
9.033,0.0,20.172,2.953,59.568
9.041,0.0,20.168,2.96,59.697
9.05,0.0,20.172,2.953,59.568
9.058,0.0,20.168,2.955,59.596
9.066,0.0,20.172,2.952,59.548
9.075,0.0,20.168,2.957,59.637
9.084,0.0,20.172,2.952,59.548
9.093,0.0,20.168,2.961,59.717
9.101,0.0,20.172,2.955,59.608
9.109,0.0,20.172,2.954,59.588
9.118,0.0,20.168,2.953,59.556
9.126,0.0,20.172,2.957,59.649
9.136,0.0,20.172,2.954,59.588
9.145,0.0,20.172,2.957,59.649
9.153,0.0,20.168,2.953,59.556
9.162,0.0,20.168,2.951,59.516
9.171,0.0,20.168,2.954,59.576
9.179,0.0,20.172,2.953,59.568
9.19,0.0,20.168,2.958,59.657
9.2,0.0,20.168,2.955,59.596
9.208,0.0,20.168,2.956,59.617
9.216,0.0,20.172,2.953,59.568
9.224,0.0,20.168,2.961,59.717
9.232,0.0,20.172,2.957,59.649
9.242,0.0,20.172,2.955,59.608
9.251,0.0,20.172,2.959,59.689
9.259,0.0,20.172,2.953,59.568
9.267,0.0,20.168,2.961,59.717
9.275,0.0,20.172,2.957,59.649
9.283,0.0,20.172,2.957,59.649
9.293,0.0,20.172,2.949,59.487
9.302,0.0,20.172,2.957,59.649
9.311,0.0,20.172,2.953,59.568
9.32,0.0,20.168,2.959,59.677
9.328,0.0,20.172,2.954,59.588
9.336,0.0,20.168,2.956,59.617
9.346,0.0,20.168,2.953,59.556
9.355,0.0,20.172,2.959,59.689
9.364,0.0,20.168,2.957,59.637
9.372,0.0,20.168,2.957,59.637
9.38,0.0,20.168,2.959,59.677
9.389,0.0,20.168,2.956,59.617
9.398,0.0,20.168,2.958,59.657
9.407,0.0,20.168,2.955,59.596
9.416,0.0,20.168,2.955,59.596
9.425,0.0,20.168,2.952,59.536
9.433,0.0,20.172,2.957,59.649
9.441,0.0,20.172,2.955,59.608
9.45,0.0,20.168,2.958,59.657
9.459,0.0,20.168,2.954,59.576
9.468,0.0,20.172,2.955,59.608
9.476,0.0,20.168,2.953,59.556
9.484,0.0,20.172,2.959,59.689
9.492,0.0,20.172,2.953,59.568
9.501,0.0,20.168,2.959,59.677
9.51,0.0,20.168,2.957,59.637
9.519,0.0,20.172,2.956,59.628
9.528,0.0,20.168,2.957,59.637
9.536,0.0,20.172,2.956,59.628
9.544,0.0,20.172,2.956,59.628
9.553,0.0,20.172,2.96,59.709
9.563,0.0,20.172,2.96,59.709
9.572,0.0,20.172,2.955,59.608
9.58,0.0,20.164,2.959,59.665
9.589,0.0,20.168,2.953,59.556
9.597,0.0,20.168,2.956,59.617
9.605,0.0,20.172,2.953,59.568
9.616,0.0,20.172,2.958,59.669
9.625,0.0,20.172,2.951,59.528
9.633,0.0,20.168,2.959,59.677
9.641,0.0,20.168,2.953,59.556
9.649,0.0,20.168,2.958,59.657
9.657,0.0,20.172,2.953,59.568
9.667,0.0,20.168,2.957,59.637
9.676,0.0,20.172,2.957,59.649
9.684,0.0,20.168,2.96,59.697
9.692,0.0,20.168,2.96,59.697
9.7,0.0,20.172,2.957,59.649
9.708,0.0,20.172,2.958,59.669
9.718,0.0,20.168,2.961,59.717
9.727,0.0,20.172,2.959,59.689
9.736,0.0,20.172,2.955,59.608
9.744,0.0,20.172,2.953,59.568
9.753,0.0,20.172,2.951,59.528
9.761,0.0,20.168,2.954,59.576
9.77,0.0,20.168,2.955,59.596
9.779,0.0,20.172,2.96,59.709
9.788,0.0,20.168,2.952,59.536
9.796,0.0,20.168,2.956,59.617
9.804,0.0,20.172,2.954,59.588
9.812,0.0,20.168,2.96,59.697
9.821,0.0,20.168,2.954,59.576
9.83,0.0,20.172,2.956,59.628
9.839,0.0,20.168,2.951,59.516
9.847,0.0,20.172,2.958,59.669
9.855,0.0,20.172,2.953,59.568
9.863,0.0,20.168,2.958,59.657
9.872,0.0,20.168,2.954,59.576
9.881,0.0,20.172,2.957,59.649
9.89,0.0,20.168,2.951,59.516
9.898,0.0,20.168,2.954,59.576
9.906,0.0,20.172,2.952,59.548
9.915,0.0,20.172,2.957,59.649
9.923,0.0,20.172,2.956,59.628
9.933,0.0,20.168,2.952,59.536
9.941,0.0,20.168,2.953,59.556
9.95,0.0,20.168,2.95,59.496
9.958,0.0,20.172,2.955,59.608
9.966,0.0,20.168,2.954,59.576
9.974,0.0,20.172,2.952,59.548
9.984,0.0,20.168,2.949,59.475
9.992,0.0,20.168,2.955,59.596
10.001,0.0,20.172,2.954,59.588
10.009,0.0,20.172,2.958,59.669
10.017,0.0,20.172,2.955,59.608
10.025,0.0,20.172,2.959,59.689
10.035,0.0,20.168,2.953,59.556
10.044,0.0,20.168,2.958,59.657
10.052,0.0,20.168,2.954,59.576
10.06,0.0,20.168,2.955,59.596
10.068,0.0,20.168,2.952,59.536
10.076,0.0,20.172,2.961,59.729
10.086,0.0,20.172,2.952,59.548
10.095,0.0,20.168,2.958,59.657
10.103,0.0,20.168,2.954,59.576
10.112,0.0,20.168,2.956,59.617
10.12,0.0,20.168,2.953,59.556
10.129,0.0,20.168,2.952,59.536
10.137,0.0,20.168,2.951,59.516
10.147,0.0,20.172,2.952,59.548
10.156,0.0,20.168,2.956,59.617
10.165,0.0,20.168,2.954,59.576
10.173,0.0,20.172,2.959,59.689
10.181,0.0,20.168,2.953,59.556
10.19,0.0,20.172,2.956,59.628
10.2,0.0,20.172,2.953,59.568
10.209,0.0,20.168,2.958,59.657
10.217,0.0,20.172,2.952,59.548
10.226,0.0,20.168,2.957,59.637
10.234,0.0,20.172,2.955,59.608
10.242,0.0,20.168,2.956,59.617
10.253,0.0,20.168,2.962,59.738
10.262,0.0,20.172,2.957,59.649
10.27,0.0,20.172,2.96,59.709
10.279,0.0,20.168,2.951,59.516
10.287,0.0,20.172,2.955,59.608
10.296,0.0,20.168,2.953,59.556
10.305,0.0,20.172,2.959,59.689
10.314,0.0,20.172,2.952,59.548
10.323,0.0,20.172,2.957,59.649
10.331,0.0,20.172,2.957,59.649
10.34,0.0,20.168,2.961,59.717
10.348,0.0,20.168,2.961,59.717
10.357,0.0,20.168,2.957,59.637
10.367,0.0,20.172,2.958,59.669
10.375,0.0,20.168,2.952,59.536
10.384,0.0,20.172,2.958,59.669
10.392,0.0,20.172,2.953,59.568
10.401,0.0,20.168,2.958,59.657
10.41,0.0,20.172,2.955,59.608
10.419,0.0,20.168,2.958,59.657
10.428,0.0,20.168,2.954,59.576
10.436,0.0,20.168,2.957,59.637
10.444,0.0,20.172,2.951,59.528
10.453,0.0,20.172,2.957,59.649
10.461,0.0,20.172,2.953,59.568
10.471,0.0,20.168,2.959,59.677
10.48,0.0,20.172,2.959,59.689
10.489,0.0,20.168,2.959,59.677
10.497,0.0,20.172,2.958,59.669
10.506,0.0,20.172,2.954,59.588
10.514,0.0,20.164,2.958,59.645
10.524,0.0,20.168,2.954,59.576
10.533,0.0,20.172,2.955,59.608
10.542,0.0,20.168,2.951,59.516
10.55,0.0,20.172,2.957,59.649
10.559,0.0,20.168,2.956,59.617
10.567,0.0,20.168,2.961,59.717
10.577,0.0,20.172,2.954,59.588
10.586,0.0,20.168,2.959,59.677
10.595,0.0,20.168,2.958,59.657
10.603,0.0,20.172,2.957,59.649
10.611,0.0,20.172,2.958,59.669
10.619,0.0,20.172,2.956,59.628
10.629,0.0,20.168,2.955,59.596
10.638,0.0,20.172,2.952,59.548
10.647,0.0,20.168,2.96,59.697
10.655,0.0,20.172,2.954,59.588
10.664,0.0,20.172,2.957,59.649
10.672,0.0,20.168,2.953,59.556
10.682,0.0,20.172,2.955,59.608
10.691,0.0,20.168,2.954,59.576
10.699,0.0,20.172,2.959,59.689
10.708,0.0,20.172,2.953,59.568
10.717,0.0,20.168,2.956,59.617
10.725,0.0,20.168,2.957,59.637
10.734,0.0,20.168,2.961,59.717
10.744,0.0,20.168,2.956,59.617
10.753,0.0,20.168,2.956,59.617
10.761,0.0,20.172,2.953,59.568
10.769,0.0,20.172,2.951,59.528
10.777,0.0,20.168,2.955,59.596
10.786,0.0,20.172,2.956,59.628
10.795,0.0,20.172,2.953,59.568
10.804,0.0,20.168,2.955,59.596
10.812,0.0,20.172,2.958,59.669
10.82,0.0,20.172,2.952,59.548
10.828,0.0,20.168,2.957,59.637
10.837,0.0,20.168,2.953,59.556
10.846,0.0,20.172,2.959,59.689
10.855,0.0,20.168,2.953,59.556
10.864,0.0,20.172,2.96,59.709
10.872,0.0,20.168,2.951,59.516
10.88,0.0,20.168,2.957,59.637
10.888,0.0,20.168,2.952,59.536
10.899,0.0,20.168,2.958,59.657
10.908,0.0,20.172,2.955,59.608
10.916,0.0,20.172,2.959,59.689
10.925,0.0,20.168,2.952,59.536
10.933,0.0,20.168,2.954,59.576
10.941,0.0,20.172,2.955,59.608
10.951,0.0,20.168,2.954,59.576
10.96,0.0,20.172,2.953,59.568
10.969,0.0,20.168,2.95,59.496
10.977,0.0,20.168,2.956,59.617
10.985,0.0,20.168,2.956,59.617
10.993,0.0,20.168,2.958,59.657
11.003,0.0,20.168,2.95,59.496
11.011,0.0,20.172,2.956,59.628
11.02,0.0,20.168,2.951,59.516
11.028,0.0,20.172,2.957,59.649
11.036,0.0,20.172,2.955,59.608
11.044,0.0,20.172,2.958,59.669
11.054,0.0,20.172,2.954,59.588
11.063,0.0,20.172,2.959,59.689
11.072,0.0,20.168,2.956,59.617
11.08,0.0,20.172,2.955,59.608
11.088,0.0,20.172,2.952,59.548
11.097,0.0,20.172,2.952,59.548
11.106,0.0,20.172,2.954,59.588
11.116,0.0,20.168,2.954,59.576
11.124,0.0,20.172,2.954,59.588
11.133,0.0,20.168,2.953,59.556
11.141,0.0,20.168,2.958,59.657
11.15,0.0,20.168,2.955,59.596
11.158,0.0,20.168,2.956,59.617
11.168,0.0,20.168,2.952,59.536
11.177,0.0,20.172,2.957,59.649
11.185,0.0,20.172,2.95,59.507
11.193,0.0,20.172,2.959,59.689
11.202,0.0,20.168,2.956,59.617
11.209,0.0,20.172,2.955,59.608
11.219,0.0,20.168,2.957,59.637
11.228,0.0,20.168,2.955,59.596
11.236,0.0,20.168,2.957,59.637
11.244,0.0,20.172,2.954,59.588
11.253,0.0,20.172,2.959,59.689
11.261,0.0,20.172,2.953,59.568
11.271,0.0,20.168,2.96,59.697
11.28,0.0,20.172,2.955,59.608
11.288,0.0,20.168,2.955,59.596
11.297,0.0,20.172,2.952,59.548
11.305,0.0,20.172,2.956,59.628
11.313,0.0,20.172,2.952,59.548
11.323,0.0,20.172,2.958,59.669
11.332,0.0,20.172,2.952,59.548
11.341,0.0,20.168,2.957,59.637
11.349,0.0,20.168,2.958,59.657
11.358,0.0,20.172,2.96,59.709
11.366,0.0,20.168,2.96,59.697
11.375,0.0,20.168,2.954,59.576
11.385,0.0,20.168,2.958,59.657
11.394,0.0,20.168,2.95,59.496
11.402,0.0,20.168,2.958,59.657
11.411,0.0,20.168,2.954,59.576
11.419,0.0,20.172,2.957,59.649
11.429,0.0,20.172,2.954,59.588
11.438,0.0,20.172,2.958,59.669
11.447,0.0,20.168,2.955,59.596
11.455,0.0,20.172,2.961,59.729
11.464,0.0,20.168,2.96,59.697
11.472,0.0,20.168,2.955,59.596
11.482,0.0,20.172,2.958,59.669
11.491,0.0,20.168,2.952,59.536
11.5,0.0,20.168,2.956,59.617
11.509,0.0,20.168,2.955,59.596
11.518,0.0,20.168,2.956,59.617
11.526,0.0,20.172,2.955,59.608
11.536,0.0,20.172,2.96,59.709
11.546,0.0,20.168,2.954,59.576
11.555,0.0,20.172,2.961,59.729
11.564,0.0,20.172,2.96,59.709
11.573,0.0,20.172,2.958,59.669
11.581,0.0,20.172,2.958,59.669
11.591,0.0,20.172,2.952,59.548
11.601,0.0,20.168,2.957,59.637
11.609,0.0,20.172,2.956,59.628
11.618,0.0,20.172,2.96,59.709
11.626,0.0,20.168,2.95,59.496
11.635,0.0,20.172,2.956,59.628
11.645,0.0,20.172,2.953,59.568
11.654,0.0,20.172,2.954,59.588
11.662,0.0,20.172,2.961,59.729
11.671,0.0,20.168,2.956,59.617
11.679,0.0,20.172,2.956,59.628
11.687,0.0,20.172,2.955,59.608
11.697,0.0,20.172,2.957,59.649
11.707,0.0,20.172,2.956,59.628
11.716,0.0,20.172,2.962,59.749
11.724,0.0,20.172,2.952,59.548
11.733,0.0,20.172,2.958,59.669
11.742,0.0,20.172,2.955,59.608
11.752,0.0,20.168,2.96,59.697
11.761,0.0,20.168,2.954,59.576
11.77,0.0,20.168,2.956,59.617
11.78,0.0,20.168,2.951,59.516
11.788,0.0,20.172,2.953,59.568
11.796,0.0,20.172,2.954,59.588
11.807,0.0,20.172,2.954,59.588
11.817,0.0,20.168,2.959,59.677
11.825,0.0,20.172,2.954,59.588
11.834,0.0,20.168,2.953,59.556
11.843,0.0,20.172,2.954,59.588
11.851,0.0,20.172,2.955,59.608
11.861,0.0,20.168,2.953,59.556
11.87,0.0,20.168,2.955,59.596
11.879,0.0,20.168,2.955,59.596
11.887,0.0,20.172,2.955,59.608
11.896,0.0,20.172,2.959,59.689
11.905,0.0,20.172,2.955,59.608
11.915,0.0,20.172,2.96,59.709
11.924,0.0,20.172,2.956,59.628
11.933,0.0,20.176,2.956,59.64
11.942,0.0,20.172,2.953,59.568
11.95,0.0,20.168,2.96,59.697
11.958,0.0,20.172,2.953,59.568
11.969,0.0,20.168,2.957,59.637
11.978,0.0,20.168,2.958,59.657
11.987,0.0,20.168,2.95,59.496
11.995,0.0,20.172,2.958,59.669
12.003,0.0,20.172,2.954,59.588
12.012,0.0,20.172,2.959,59.689
12.022,0.0,20.172,2.957,59.649
12.031,0.0,20.172,2.956,59.628
12.04,0.0,20.168,2.952,59.536
12.049,0.0,20.172,2.96,59.709
12.057,0.0,20.172,2.957,59.649
12.066,0.0,20.168,2.954,59.576
12.077,0.0,20.172,2.961,59.729
12.086,0.0,20.172,2.952,59.548
12.095,0.0,20.172,2.956,59.628
12.104,0.0,20.172,2.952,59.548
12.113,0.0,20.172,2.958,59.669
12.123,0.0,20.172,2.956,59.628
12.134,0.0,20.172,2.953,59.568
12.143,0.0,20.168,2.957,59.637
12.152,0.0,20.172,2.954,59.588
12.161,0.0,20.168,2.955,59.596
12.17,0.0,20.168,2.95,59.496
12.178,0.0,20.172,2.96,59.709
12.189,0.0,20.168,2.955,59.596
12.199,0.0,20.172,2.956,59.628
12.208,0.0,20.172,2.956,59.628
12.216,0.0,20.172,2.953,59.568
12.225,0.0,20.176,2.959,59.701
12.234,0.0,20.172,2.955,59.608
12.245,0.0,20.172,2.955,59.608
12.254,0.0,20.172,2.96,59.709
12.262,0.0,20.168,2.953,59.556
12.271,0.0,20.172,2.954,59.588
12.279,0.0,20.172,2.953,59.568
12.288,0.0,20.168,2.957,59.637
12.298,0.0,20.168,2.953,59.556
12.307,0.0,20.172,2.959,59.689
12.316,0.0,20.172,2.952,59.548
12.324,0.0,20.168,2.956,59.617
12.333,0.0,20.172,2.953,59.568
12.341,0.0,20.172,2.96,59.709
12.352,0.0,20.168,2.96,59.697
12.36,0.0,20.172,2.956,59.628
12.369,0.0,20.172,2.959,59.689
12.377,0.0,20.172,2.954,59.588
12.386,0.0,20.168,2.96,59.697
12.394,0.0,20.172,2.953,59.568
12.404,0.0,20.168,2.96,59.697
12.413,0.0,20.168,2.956,59.617
12.422,0.0,20.168,2.957,59.637
12.43,0.0,20.172,2.954,59.588
12.439,0.0,20.172,2.959,59.689
12.447,0.0,20.168,2.952,59.536
12.457,0.0,20.172,2.956,59.628
12.466,0.0,20.172,2.959,59.689
12.474,0.0,20.172,2.957,59.649
12.483,0.0,20.172,2.958,59.669
12.491,0.0,20.168,2.957,59.637
12.5,0.0,20.168,2.957,59.637
12.51,0.0,20.172,2.953,59.568
12.519,0.0,20.168,2.959,59.677
12.527,0.0,20.172,2.955,59.608
12.536,0.0,20.172,2.958,59.669
12.544,0.0,20.172,2.956,59.628
12.553,0.0,20.168,2.957,59.637
12.562,0.0,20.168,2.954,59.576
12.571,0.0,20.172,2.96,59.709
12.58,0.0,20.168,2.961,59.717
12.589,0.0,20.168,2.959,59.677
12.597,0.0,20.168,2.959,59.677
12.607,0.0,20.172,2.96,59.709
12.616,0.0,20.168,2.964,59.778
12.625,0.0,20.168,2.956,59.617
12.634,0.0,20.168,2.96,59.697
12.642,0.0,20.172,2.955,59.608
12.651,0.0,20.172,2.959,59.689
12.66,0.0,20.172,2.956,59.628
12.67,0.0,20.172,2.963,59.77
12.679,0.0,20.172,2.96,59.709
12.689,0.0,20.168,2.955,59.596
12.698,0.0,20.168,2.957,59.637
12.706,0.0,20.172,2.952,59.548
12.715,0.0,20.172,2.958,59.669
12.724,0.0,20.172,2.96,59.709
12.734,0.0,20.172,2.961,59.729
12.743,0.0,20.172,2.954,59.588
12.758,0.0,20.172,2.955,59.608
12.768,0.0,20.172,2.962,59.749
12.781,0.0,20.168,2.955,59.596
12.796,0.0,20.172,2.955,59.608
12.806,0.0,20.172,2.956,59.628
12.814,0.0,20.168,2.953,59.556
12.823,0.0,20.168,2.958,59.657
12.832,0.0,20.168,2.959,59.677
12.84,0.0,20.168,2.952,59.536
12.85,0.0,20.172,2.957,59.649
12.859,0.0,20.168,2.951,59.516
12.868,0.0,20.168,2.956,59.617
12.876,0.0,20.172,2.955,59.608
12.884,0.0,20.172,2.954,59.588
12.893,0.0,20.172,2.952,59.548
12.902,0.0,20.168,2.96,59.697
12.912,0.0,20.176,2.952,59.56
12.92,0.0,20.172,2.954,59.588
12.929,0.0,20.172,2.953,59.568
12.937,0.0,20.168,2.952,59.536
12.946,0.0,20.168,2.959,59.677
12.954,0.0,20.168,2.956,59.617
12.965,0.0,20.168,2.959,59.677
12.974,0.0,20.172,2.953,59.568
12.982,0.0,20.168,2.959,59.677
12.99,0.0,20.172,2.954,59.588
12.999,0.0,20.172,2.963,59.77
13.007,0.0,20.168,2.957,59.637
13.018,0.0,20.168,2.952,59.536
13.027,0.0,20.172,2.955,59.608
13.037,0.0,20.172,2.954,59.588
13.046,0.0,20.168,2.957,59.637
13.055,0.0,20.172,2.955,59.608
13.064,0.0,20.172,2.96,59.709
13.074,0.0,20.172,2.955,59.608
13.083,0.0,20.172,2.959,59.689
13.094,0.0,20.172,2.952,59.548
13.104,0.0,20.172,2.953,59.568
13.113,0.0,20.172,2.954,59.588
13.122,0.0,20.168,2.952,59.536
13.131,0.0,20.172,2.959,59.689
13.141,0.0,20.172,2.956,59.628
13.15,0.0,20.172,2.953,59.568
13.159,0.0,20.168,2.963,59.758
13.171,0.0,20.172,2.954,59.588
13.18,0.0,20.172,2.959,59.689
13.19,0.0,20.172,2.952,59.548
13.199,0.0,20.168,2.952,59.536
13.208,0.0,20.172,2.951,59.528
13.218,0.0,20.168,2.954,59.576
13.227,0.0,20.172,2.959,59.689
13.236,0.0,20.168,2.956,59.617
13.245,0.0,20.172,2.955,59.608
13.257,0.0,20.172,2.959,59.689
13.266,0.0,20.172,2.953,59.568
13.274,0.0,20.168,2.957,59.637
13.283,0.0,20.168,2.956,59.617
13.292,0.0,20.172,2.958,59.669
13.3,0.0,20.172,2.952,59.548
13.309,0.0,20.168,2.958,59.657
13.317,0.0,20.168,2.954,59.576
13.325,0.0,20.172,2.959,59.689
13.335,0.0,20.168,2.954,59.576
13.344,0.0,20.172,2.957,59.649
13.353,0.0,20.168,2.955,59.596
13.362,0.0,20.168,2.957,59.637
13.37,0.0,20.168,2.959,59.677
13.379,0.0,20.172,2.953,59.568
13.388,0.0,20.168,2.957,59.637
13.397,0.0,20.172,2.955,59.608
13.406,0.0,20.168,2.957,59.637
13.415,0.0,20.172,2.957,59.649
13.423,0.0,20.172,2.961,59.729
13.431,0.0,20.172,2.953,59.568
13.441,0.0,20.168,2.959,59.677
13.45,0.0,20.168,2.96,59.697
13.459,0.0,20.168,2.96,59.697
13.468,0.0,20.172,2.96,59.709
13.476,0.0,20.168,2.958,59.657
13.484,0.0,20.168,2.957,59.637
13.494,0.0,20.168,2.959,59.677
13.503,0.0,20.172,2.957,59.649
13.512,0.0,20.172,2.953,59.568
13.521,0.0,20.168,2.961,59.717
13.529,0.0,20.172,2.952,59.548
13.538,0.0,20.168,2.956,59.617
13.548,0.0,20.168,2.954,59.576
13.559,0.0,20.172,2.953,59.568
13.568,0.0,20.172,2.959,59.689
13.578,0.0,20.172,2.955,59.608
13.587,0.0,20.172,2.958,59.669
13.596,0.0,20.172,2.951,59.528
13.605,0.0,20.172,2.957,59.649
13.614,0.0,20.168,2.956,59.617
13.623,0.0,20.172,2.958,59.669
13.632,0.0,20.172,2.961,59.729
