Timestamp[us],Slope,VBUS Voltage[V],VBUS Current[A],VBUS Wattage[W]
0.112,0.0,0.168,0.0,0.0
0.122,0.0,0.172,0.0,0.0
0.133,0.0,0.172,0.0,0.0
0.144,0.0,0.172,0.0,0.0
0.155,0.0,0.172,0.0,0.0
0.166,0.0,0.168,0.0,0.0
0.176,0.0,0.168,0.0,0.0
0.187,0.0,0.172,0.0,0.0
0.197,0.0,0.168,0.0,0.0
0.207,0.0,0.172,0.0,0.0
0.217,0.0,0.168,0.0,0.0
0.227,0.0,0.168,0.0,0.0
0.236,0.0,0.172,0.0,0.0
0.246,0.0,0.172,0.0,0.0
0.256,0.0,0.172,0.0,0.0
0.266,0.0,0.168,0.0,0.0
0.275,0.0,0.168,0.0,0.0
0.286,0.0,0.168,0.0,0.0
0.296,0.0,0.168,0.0,0.0
0.306,0.0,0.172,0.0,0.0
0.317,0.0,0.172,0.0,0.0
0.327,0.0,0.172,0.0,0.0
0.338,0.0,0.172,0.0,0.0
0.349,0.0,0.168,0.0,0.0
0.359,0.0,0.168,0.0,0.0
0.369,0.0,0.172,0.0,0.0
0.38,0.0,0.172,0.0,0.0
0.391,0.0,0.172,0.0,0.0
0.401,0.0,0.168,0.0,0.0
0.412,0.0,0.172,0.0,0.0
0.423,0.0,0.168,0.0,0.0
0.433,0.0,0.168,0.0,0.0
0.444,0.0,0.172,0.0,0.0
0.455,0.0,0.168,0.0,0.0
0.465,0.0,0.168,0.0,0.0
0.476,0.0,0.168,0.0,0.0
0.487,0.0,0.168,0.0,0.0
0.497,0.0,0.168,0.0,0.0
0.507,0.0,0.172,0.0,0.0
0.518,0.0,0.172,0.0,0.0
0.528,0.0,0.172,0.0,0.0
0.539,0.0,0.168,0.0,0.0
0.55,0.0,0.172,0.0,0.0
0.56,0.0,0.168,0.0,0.0
0.571,0.0,0.172,0.0,0.0
0.582,0.0,0.168,0.0,0.0
0.592,0.0,0.168,0.0,0.0
0.603,0.0,0.168,0.0,0.0
0.614,0.0,0.172,0.0,0.0
0.624,0.0,0.172,0.0,0.0
0.634,0.0,0.172,0.0,0.0
0.646,0.0,0.168,0.0,0.0
0.657,0.0,0.172,0.0,0.0
0.667,0.0,0.172,0.0,0.0
0.678,0.0,0.172,0.0,0.0
0.689,0.0,0.168,0.0,0.0
0.699,0.0,0.168,0.0,0.0
0.71,0.0,0.168,0.0,0.0
0.72,0.0,0.168,0.0,0.0
0.731,0.0,0.172,0.0,0.0
0.742,0.0,0.168,0.0,0.0
0.752,0.0,0.168,0.0,0.0
0.763,0.0,0.168,0.0,0.0
0.773,0.0,0.168,0.0,0.0
0.784,0.0,0.172,0.0,0.0
0.795,0.0,0.168,0.0,0.0
0.805,0.0,0.168,0.0,0.0
0.817,0.0,0.172,0.0,0.0
0.827,0.0,0.172,0.0,0.0
0.838,0.0,0.168,0.0,0.0
0.849,0.0,0.168,0.0,0.0
0.859,0.0,0.168,0.0,0.0
0.87,0.0,0.168,0.0,0.0
0.88,0.0,0.168,0.0,0.0
0.891,0.0,0.168,0.0,0.0
0.901,0.0,0.168,0.0,0.0
0.912,0.0,0.168,0.0,0.0
0.922,0.0,0.168,0.0,0.0
0.933,0.0,0.172,0.0,0.0
0.944,0.0,0.168,0.0,0.0
0.954,0.0,0.168,0.0,0.0
0.964,0.0,0.168,0.0,0.0
0.976,0.0,0.164,0.0,0.0
0.986,0.0,0.168,0.0,0.0
0.997,0.0,0.172,0.0,0.0
1.008,0.0,0.168,0.0,0.0
1.019,0.0,0.168,0.0,0.0
1.03,0.0,0.168,0.0,0.0
1.041,0.0,0.168,0.0,0.0
1.052,0.0,0.168,0.0,0.0
1.062,0.0,0.168,0.0,0.0
1.074,0.0,0.168,0.0,0.0
1.084,0.0,0.168,0.0,0.0
1.094,0.0,0.168,0.0,0.0
1.106,0.0,0.168,0.0,0.0
1.116,0.0,0.168,0.0,0.0
1.125,0.0,0.168,0.0,0.0
1.136,0.0,0.164,0.0,0.0
1.146,0.0,0.168,0.0,0.0
1.156,0.0,0.164,0.0,0.0
1.166,0.0,0.168,0.0,0.0
1.176,0.0,0.172,0.0,0.0
1.186,0.0,0.168,0.0,0.0
1.196,0.0,0.168,0.0,0.0
1.206,0.0,0.168,0.0,0.0
1.216,0.0,0.168,0.0,0.0
1.226,0.0,0.168,0.0,0.0
1.236,0.0,0.168,0.0,0.0
1.246,0.0,0.168,0.0,0.0
1.255,0.0,0.168,0.0,0.0
1.266,0.0,0.168,0.0,0.0
1.275,0.0,0.168,0.0,0.0
1.285,0.0,0.168,0.0,0.0
1.295,0.0,0.168,0.0,0.0
1.305,0.0,0.168,0.0,0.0
1.314,0.0,0.172,0.0,0.0
1.324,0.0,0.168,0.0,0.0
1.334,0.0,0.168,0.0,0.0
1.343,0.0,0.168,0.0,0.0
1.353,0.0,0.168,0.0,0.0
1.363,0.0,0.168,0.0,0.0
1.373,0.0,0.168,0.0,0.0
1.383,0.0,0.168,0.0,0.0
1.393,0.0,0.168,0.0,0.0
1.403,0.0,0.164,0.0,0.0
1.412,0.0,0.168,0.0,0.0
1.422,0.0,0.168,0.0,0.0
1.432,0.0,0.168,0.0,0.0
1.442,0.0,0.168,0.0,0.0
1.451,0.0,0.168,0.0,0.0
1.461,0.0,0.168,0.0,0.0
1.472,0.0,0.168,0.0,0.0
1.481,0.0,0.168,0.0,0.0
1.491,0.0,0.168,0.0,0.0
1.502,0.0,0.168,0.0,0.0
1.512,0.0,0.168,0.0,0.0
1.523,0.0,0.172,0.0,0.0
1.534,0.0,0.168,0.0,0.0
1.545,0.0,0.168,0.0,0.0
1.555,0.0,0.168,0.0,0.0
1.566,0.0,0.168,0.0,0.0
1.577,0.0,0.168,0.0,0.0
1.588,0.0,0.164,0.0,0.0
1.599,0.0,0.168,0.0,0.0
1.611,0.0,0.168,0.0,0.0
1.623,0.0,0.172,0.0,0.0
1.634,0.0,0.168,0.0,0.0
1.645,0.0,0.168,0.0,0.0
1.659,0.0,0.168,0.0,0.0
1.673,0.0,0.168,0.0,0.0
1.684,0.0,0.168,0.0,0.0
1.694,0.0,0.168,0.0,0.0
1.706,0.0,0.172,0.0,0.0
1.714,0.0,0.168,0.0,0.0
1.721,0.0,0.168,0.0,0.0
1.73,0.0,0.172,0.0,0.0
1.738,0.0,0.168,0.0,0.0
1.746,0.0,0.168,0.0,0.0
1.754,0.0,0.168,0.0,0.0
1.762,0.0,0.168,0.0,0.0
1.771,0.0,0.168,0.0,0.0
1.778,0.0,0.168,0.0,0.0
1.786,0.0,0.172,0.0,0.0
1.795,0.0,0.168,0.0,0.0
1.803,0.0,0.168,0.0,0.0
1.811,0.0,0.168,0.0,0.0
1.819,0.0,0.168,0.0,0.0
1.827,0.0,0.168,0.0,0.0
1.835,0.0,0.168,0.0,0.0
1.843,0.0,0.168,0.0,0.0
1.85,0.0,0.168,0.0,0.0
1.859,0.0,0.168,0.0,0.0
1.867,0.0,0.168,0.0,0.0
1.874,0.0,0.168,0.0,0.0
1.882,0.0,0.168,0.0,0.0
1.89,0.0,0.168,0.0,0.0
1.899,0.0,0.168,0.0,0.0
1.906,0.0,0.168,0.0,0.0
1.914,0.0,0.168,0.0,0.0
1.921,0.0,0.168,0.0,0.0
1.93,0.0,0.168,0.0,0.0
1.938,0.0,0.168,0.0,0.0
1.945,0.0,0.168,0.0,0.0
1.953,0.0,0.164,0.0,0.0
1.962,0.0,0.168,0.0,0.0
1.969,0.0,0.168,0.0,0.0
1.977,0.0,0.168,0.0,0.0
1.985,0.0,0.168,0.0,0.0
1.993,0.0,0.168,0.0,0.0
2.001,0.0,0.172,0.0,0.0
2.008,0.0,0.168,0.0,0.0
2.016,0.0,0.172,0.0,0.0
2.025,0.0,0.168,0.0,0.0
2.033,0.0,0.168,0.0,0.0
2.04,0.0,0.168,0.0,0.0
2.048,0.0,0.168,0.0,0.0
2.056,0.0,0.168,0.0,0.0
2.064,0.0,0.168,0.0,0.0
2.072,0.0,0.168,0.0,0.0
2.08,0.0,0.164,0.0,0.0
2.088,0.0,0.168,0.0,0.0
2.096,0.0,0.168,0.0,0.0
2.104,0.0,0.168,0.0,0.0
2.111,0.0,0.168,0.0,0.0
2.119,0.0,0.168,0.0,0.0
2.128,0.0,0.168,0.0,0.0
2.135,0.0,0.164,0.0,0.0
2.143,0.0,0.168,0.0,0.0
2.151,0.0,0.168,0.0,0.0
2.159,0.0,0.168,0.0,0.0
2.167,0.0,0.168,0.0,0.0
2.174,0.0,0.168,0.0,0.0
2.182,0.0,0.168,0.0,0.0
2.191,0.0,0.164,0.0,0.0
2.198,0.0,0.168,0.0,0.0
2.206,0.0,0.168,0.0,0.0
2.214,0.0,0.168,0.0,0.0
2.223,0.0,0.168,0.0,0.0
2.23,0.0,0.168,0.0,0.0
2.238,0.0,0.168,0.0,0.0
2.245,0.0,0.168,0.0,0.0
2.254,0.0,0.168,0.0,0.0
2.262,0.0,0.172,0.0,0.0
2.269,0.0,0.168,0.0,0.0
2.277,0.0,0.168,0.0,0.0
2.285,0.0,0.168,0.0,0.0
2.293,0.0,0.168,0.0,0.0
2.3,0.0,0.168,0.0,0.0
2.308,0.0,0.168,0.0,0.0
2.317,0.0,0.164,0.0,0.0
2.324,0.0,0.168,0.0,0.0
2.332,0.0,0.164,0.0,0.0
2.34,0.0,0.168,0.0,0.0
2.348,0.0,0.168,0.0,0.0
2.356,0.0,0.168,0.0,0.0
2.363,0.0,0.168,0.0,0.0
2.371,0.0,0.168,0.0,0.0
2.38,0.0,0.168,0.0,0.0
2.387,0.0,0.168,0.0,0.0
2.395,0.0,0.168,0.0,0.0
2.403,0.0,0.168,0.0,0.0
2.412,0.0,0.168,0.0,0.0
2.423,0.0,0.168,0.0,0.0
2.433,0.0,4.884,0.02,0.098
2.445,2.0,4.344,0.0,0.0
2.456,5.0,3.584,0.0,0.0
2.627,7.0,0.168,0.0,0.0
2.641,7.0,0.164,0.0,0.0
2.655,7.0,0.168,0.0,0.0
2.668,7.0,0.168,0.0,0.0
2.681,7.0,0.168,0.0,0.0
2.694,7.0,0.168,0.0,0.0
2.708,7.0,0.168,0.0,0.0
2.719,7.0,0.164,0.0,0.0
2.728,7.0,0.164,0.0,0.0
2.739,7.0,0.168,0.0,0.0
2.749,7.0,0.168,0.0,0.0
2.759,7.0,0.164,0.0,0.0
2.769,7.0,0.164,0.0,0.0
2.779,7.0,0.164,0.0,0.0
2.789,7.0,0.164,0.0,0.0
2.799,7.0,0.164,0.0,0.0
2.809,7.0,0.168,0.0,0.0
2.82,7.0,0.168,0.0,0.0
2.83,7.0,0.168,0.0,0.0
2.842,7.0,0.168,0.0,0.0
2.852,7.0,0.168,0.0,0.0
2.862,7.0,0.168,0.0,0.0
2.874,7.0,0.168,0.0,0.0
2.884,7.0,0.168,0.0,0.0
2.895,7.0,0.168,0.0,0.0
2.907,7.0,0.164,0.0,0.0
2.917,7.0,0.168,0.0,0.0
2.928,7.0,0.164,0.0,0.0
2.94,7.0,0.168,0.0,0.0
2.95,7.0,0.168,0.0,0.0
2.961,7.0,0.168,0.0,0.0
2.972,7.0,0.164,0.0,0.0
2.982,7.0,0.164,0.0,0.0
2.993,7.0,0.164,0.0,0.0
3.005,7.0,0.168,0.0,0.0
3.015,7.0,0.168,0.0,0.0
3.026,7.0,0.168,0.0,0.0
3.037,7.0,0.164,0.0,0.0
3.048,7.0,0.168,0.0,0.0
3.059,7.0,0.164,0.0,0.0
3.07,7.0,0.164,0.0,0.0
3.08,7.0,0.168,0.0,0.0
3.091,7.0,0.168,0.0,0.0
3.103,7.0,0.164,0.0,0.0
3.113,7.0,0.168,0.0,0.0
3.124,7.0,0.164,0.0,0.0
3.135,7.0,0.164,0.0,0.0
3.146,7.0,0.168,0.0,0.0
3.157,7.0,0.164,0.0,0.0
3.168,7.0,0.168,0.0,0.0
3.179,7.0,0.164,0.0,0.0
3.19,7.0,0.168,0.0,0.0
3.2,7.0,0.168,0.0,0.0
3.211,7.0,0.164,0.0,0.0
3.221,7.0,0.168,0.0,0.0
3.279,7.0,5.076,0.0,0.0
3.29,1.0,5.076,0.0,0.0
3.301,4.0,5.076,0.0,0.0
3.311,7.0,5.076,0.0,0.0
3.32,9.0,5.076,0.0,0.0
3.329,12.0,5.076,0.0,0.0
3.336,14.0,5.076,0.0,0.0
3.344,17.0,5.076,0.01,0.051
3.352,19.0,5.076,0.0,0.0
3.361,21.0,5.076,0.0,0.0
3.369,24.0,5.076,0.0,0.0
3.376,26.0,5.076,0.0,0.0
3.384,28.0,5.076,0.0,0.0
3.392,30.0,5.072,0.0,0.0
3.4,32.0,5.076,0.0,0.0
3.407,34.0,5.076,0.0,0.0
3.415,36.0,5.076,0.0,0.0
3.424,38.0,5.076,0.0,0.0
3.431,39.0,5.076,0.0,0.0
3.439,41.0,5.076,0.0,0.0
3.447,43.0,5.08,0.0,0.0
3.455,44.0,20.244,0.084,1.7
3.463,55.0,20.244,0.066,1.336
3.471,65.0,20.244,0.064,1.296
3.478,75.0,20.244,0.061,1.235
3.486,85.0,20.24,0.062,1.255
3.494,95.0,20.24,0.06,1.214
3.502,104.0,20.244,0.059,1.194
3.51,113.0,20.244,0.061,1.235
3.566,122.0,20.24,0.06,1.214
3.573,130.0,20.244,0.058,1.174
3.581,139.0,20.244,0.059,1.194
3.59,147.0,20.24,0.059,1.194
3.597,155.0,20.244,0.06,1.215
3.605,163.0,20.244,0.061,1.235
3.613,170.0,20.244,0.06,1.215
3.621,177.0,20.24,0.06,1.214
3.629,184.0,20.24,0.06,1.214
3.636,191.0,20.24,0.06,1.214
3.644,197.0,20.24,0.062,1.255
3.653,203.0,20.24,0.06,1.214
3.66,209.0,20.24,0.061,1.235
3.668,215.0,20.244,0.061,1.235
3.676,223.0,20.24,0.062,1.255
3.684,231.0,20.244,0.059,1.194
3.692,238.0,20.244,0.06,1.215
3.699,243.0,20.24,0.06,1.214
3.707,248.0,20.24,0.061,1.235
3.716,252.0,20.244,0.06,1.215
3.723,257.0,20.24,0.06,1.214
3.731,261.0,20.244,0.06,1.215
3.739,264.0,20.24,0.06,1.214
3.747,268.0,20.24,0.062,1.255
3.755,271.0,20.244,0.061,1.235
3.762,274.0,20.244,0.059,1.194
3.77,277.0,20.24,0.06,1.214
3.778,279.0,20.244,0.061,1.235
3.786,281.0,20.244,0.06,1.215
3.794,283.0,20.244,0.06,1.215
3.801,285.0,20.244,0.06,1.215
3.81,287.0,20.244,0.059,1.194
3.818,288.0,20.244,0.062,1.255
3.825,289.0,20.24,0.062,1.255
3.833,290.0,20.244,0.063,1.275
3.841,290.0,20.24,0.059,1.194
3.849,291.0,20.244,0.061,1.235
3.857,291.0,20.24,0.062,1.255
3.865,291.0,20.244,0.058,1.174
3.873,290.0,20.244,0.059,1.194
3.881,290.0,20.24,0.059,1.194
3.889,289.0,20.244,0.06,1.215
3.896,288.0,20.24,0.061,1.235
3.905,286.0,20.24,0.059,1.194
3.913,285.0,20.24,0.057,1.154
3.92,283.0,20.244,0.061,1.235
3.928,281.0,20.244,0.062,1.255
3.936,278.0,20.232,0.381,7.708
3.944,276.0,20.224,0.554,11.204
3.952,273.0,20.22,0.846,17.106
3.959,270.0,20.216,0.811,16.395
3.967,267.0,20.208,0.982,19.844
3.976,263.0,20.212,1.068,21.586
3.983,259.0,20.208,1.242,25.098
3.991,255.0,20.2,1.555,31.411
3.999,251.0,20.204,1.516,30.629
4.008,247.0,20.2,1.515,30.603
4.015,242.0,20.196,1.515,30.597
4.024,237.0,20.2,1.518,30.664
4.035,232.0,20.196,1.517,30.637
4.046,226.0,20.2,1.516,30.623
4.056,220.0,20.2,1.517,30.643
4.067,214.0,20.2,1.515,30.603
4.078,208.0,20.2,1.518,30.664
4.088,202.0,20.2,1.517,30.643
4.099,195.0,20.2,1.517,30.643
4.11,188.0,20.2,1.517,30.643
4.12,181.0,20.2,1.518,30.664
4.131,174.0,20.2,1.519,30.684
4.142,166.0,20.2,1.516,30.623
4.152,158.0,20.2,1.518,30.664
4.163,150.0,20.2,1.516,30.623
4.174,145.0,20.2,1.518,30.664
4.184,139.0,20.196,1.517,30.637
4.195,133.0,20.2,1.518,30.664
4.206,127.0,20.2,1.517,30.643
4.216,121.0,20.196,1.518,30.658
4.227,115.0,20.196,1.516,30.617
4.238,109.0,20.2,1.517,30.643
4.249,102.0,20.196,1.518,30.658
4.259,95.0,20.2,1.517,30.643
4.27,88.0,20.2,1.517,30.643
4.28,81.0,20.204,1.516,30.629
4.291,73.0,20.196,1.517,30.637
4.301,66.0,20.204,1.517,30.649
4.313,58.0,20.2,1.516,30.623
4.323,50.0,20.2,1.517,30.643
4.333,42.0,20.2,1.517,30.643
4.345,34.0,20.2,1.515,30.603
4.355,25.0,20.2,1.517,30.643
4.365,17.0,20.2,1.517,30.643
4.376,8.0,20.2,1.517,30.643
4.387,0.0,20.2,1.516,30.623
4.397,0.0,20.2,1.517,30.643
4.408,0.0,20.2,1.516,30.623
4.419,0.0,20.2,1.516,30.623
4.433,0.0,20.2,1.518,30.664
4.444,0.0,20.204,1.516,30.629
4.454,0.0,20.2,1.519,30.684
4.465,0.0,20.2,1.519,30.684
4.476,0.0,20.2,1.518,30.664
4.486,0.0,20.2,1.517,30.643
4.497,0.0,20.2,1.519,30.684
4.508,0.0,20.196,1.519,30.678
4.518,0.0,20.2,1.517,30.643
4.529,0.0,20.204,1.517,30.649
4.54,0.0,20.2,1.516,30.623
4.551,0.0,20.2,1.516,30.623
4.562,0.0,20.2,1.518,30.664
4.573,0.0,20.2,1.519,30.684
4.584,0.0,20.204,1.517,30.649
4.594,0.0,20.196,1.518,30.658
4.606,0.0,20.2,1.515,30.603
4.616,0.0,20.2,1.515,30.603
4.626,0.0,20.2,1.518,30.664
4.637,0.0,20.2,1.518,30.664
4.646,0.0,20.2,1.517,30.643
4.656,0.0,20.2,1.515,30.603
4.666,0.0,20.204,1.517,30.649
4.676,0.0,20.204,1.517,30.649
4.685,0.0,20.204,1.518,30.67
4.696,0.0,20.2,1.518,30.664
4.706,0.0,20.2,1.516,30.623
4.716,0.0,20.196,1.518,30.658
4.726,0.0,20.204,1.518,30.67
4.737,0.0,20.2,1.519,30.684
4.747,0.0,20.196,1.518,30.658
4.758,0.0,20.2,1.517,30.643
4.769,0.0,20.2,1.518,30.664
4.78,0.0,20.204,1.518,30.67
4.79,0.0,20.204,1.519,30.69
4.802,0.0,20.2,1.519,30.684
4.812,0.0,20.2,1.517,30.643
4.822,0.0,20.2,1.517,30.643
4.834,0.0,20.2,1.519,30.684
4.845,0.0,20.2,1.52,30.704
4.855,0.0,20.2,1.517,30.643
4.867,0.0,20.2,1.517,30.643
4.878,0.0,20.2,1.519,30.684
4.888,0.0,20.2,1.516,30.623
4.9,0.0,20.2,1.517,30.643
4.91,0.0,20.2,1.519,30.684
4.921,0.0,20.2,1.52,30.704
4.933,0.0,20.196,1.518,30.658
4.943,0.0,20.2,1.519,30.684
4.954,0.0,20.2,1.519,30.684
4.965,0.0,20.2,1.517,30.643
4.976,0.0,20.204,1.519,30.69
4.987,0.0,20.2,1.519,30.684
4.998,0.0,20.2,1.517,30.643
5.009,0.0,20.2,1.52,30.704
5.02,0.0,20.196,1.516,30.617
5.032,0.0,20.2,1.519,30.684
5.042,0.0,20.2,1.518,30.664
5.053,0.0,20.204,1.519,30.69
5.064,0.0,20.2,1.518,30.664
5.075,0.0,20.2,1.517,30.643
5.086,0.0,20.204,1.522,30.75
5.097,0.0,20.204,1.518,30.67
5.108,0.0,20.2,1.52,30.704
5.118,0.0,20.2,1.519,30.684
5.13,0.0,20.2,1.517,30.643
5.14,0.0,20.2,1.518,30.664
5.151,0.0,20.204,1.518,30.67
5.163,0.0,20.2,1.518,30.664
5.173,0.0,20.204,1.517,30.649
5.184,0.0,20.2,1.519,30.684
5.195,0.0,20.2,1.519,30.684
5.206,0.0,20.2,1.518,30.664
5.217,0.0,20.2,1.519,30.684
5.228,0.0,20.204,1.518,30.67
5.239,0.0,20.2,1.521,30.724
5.25,0.0,20.2,1.517,30.643
5.261,0.0,20.2,1.519,30.684
5.272,0.0,20.2,1.518,30.664
5.282,0.0,20.2,1.518,30.664
5.294,0.0,20.2,1.52,30.704
5.304,0.0,20.2,1.517,30.643
5.315,0.0,20.2,1.519,30.684
5.327,0.0,20.2,1.517,30.643
5.337,0.0,20.2,1.519,30.684
5.348,0.0,20.2,1.518,30.664
5.359,0.0,20.2,1.518,30.664
5.37,0.0,20.2,1.519,30.684
5.381,0.0,20.2,1.518,30.664
5.392,0.0,20.2,1.519,30.684
5.403,0.0,20.2,1.519,30.684
5.413,0.0,20.2,1.518,30.664
5.425,0.0,20.2,1.518,30.664
5.435,0.0,20.2,1.518,30.664
5.446,0.0,20.204,1.521,30.73
5.458,0.0,20.2,1.519,30.684
5.468,0.0,20.2,1.518,30.664
5.479,0.0,20.2,1.519,30.684
5.49,0.0,20.204,1.517,30.649
5.506,0.0,20.2,1.519,30.684
5.517,0.0,20.2,1.517,30.643
5.528,0.0,20.2,1.52,30.704
5.538,0.0,20.2,1.517,30.643
5.55,0.0,20.204,1.52,30.71
5.561,0.0,20.2,1.519,30.684
5.571,0.0,20.204,1.519,30.69
5.583,0.0,20.204,1.52,30.71
5.594,0.0,20.2,1.517,30.643
5.604,0.0,20.204,1.519,30.69
5.616,0.0,20.2,1.516,30.623
5.627,0.0,20.2,1.518,30.664
5.637,0.0,20.204,1.517,30.649
5.649,0.0,20.2,1.517,30.643
5.66,0.0,20.2,1.519,30.684
5.67,0.0,20.2,1.518,30.664
5.682,0.0,20.2,1.517,30.643
5.692,0.0,20.2,1.518,30.664
5.703,0.0,20.2,1.52,30.704
5.714,0.0,20.2,1.52,30.704
5.725,0.0,20.2,1.519,30.684
5.736,0.0,20.204,1.521,30.73
5.747,0.0,20.2,1.518,30.664
5.758,0.0,20.2,1.519,30.684
5.769,0.0,20.2,1.516,30.623
5.78,0.0,20.2,1.518,30.664
5.791,0.0,20.2,1.518,30.664
5.801,0.0,20.2,1.517,30.643
5.813,0.0,20.2,1.52,30.704
5.824,0.0,20.2,1.519,30.684
5.834,0.0,20.2,1.522,30.744
5.846,0.0,20.2,1.516,30.623
5.857,0.0,20.2,1.518,30.664
5.867,0.0,20.204,1.521,30.73
5.879,0.0,20.204,1.517,30.649
5.889,0.0,20.2,1.519,30.684
5.9,0.0,20.2,1.518,30.664
5.911,0.0,20.2,1.52,30.704
5.922,0.0,20.204,1.518,30.67
5.933,0.0,20.204,1.518,30.67
5.944,0.0,20.2,1.52,30.704
5.955,0.0,20.2,1.517,30.643
5.966,0.0,20.2,1.519,30.684
5.977,0.0,20.2,1.517,30.643
5.988,0.0,20.2,1.518,30.664
5.999,0.0,20.2,1.518,30.664
6.01,0.0,20.2,1.519,30.684
6.021,0.0,20.2,1.518,30.664
6.032,0.0,20.2,1.517,30.643
6.043,0.0,20.2,1.52,30.704
6.054,0.0,20.2,1.517,30.643
6.065,0.0,20.2,1.517,30.643
6.076,0.0,20.2,1.519,30.684
6.087,0.0,20.2,1.517,30.643
6.098,0.0,20.2,1.521,30.724
6.109,0.0,20.2,1.516,30.623
6.12,0.0,20.2,1.518,30.664
6.131,0.0,20.204,1.518,30.67
6.142,0.0,20.2,1.517,30.643
6.153,0.0,20.2,1.518,30.664
6.164,0.0,20.2,1.517,30.643
6.175,0.0,20.2,1.519,30.684
6.186,0.0,20.2,1.516,30.623
6.197,0.0,20.2,1.518,30.664
6.208,0.0,20.2,1.517,30.643
6.219,0.0,20.204,1.515,30.609
6.23,0.0,20.204,1.518,30.67
6.241,0.0,20.204,1.518,30.67
6.252,0.0,20.2,1.519,30.684
6.263,0.0,20.2,1.518,30.664
6.274,0.0,20.2,1.518,30.664
6.285,0.0,20.2,1.52,30.704
6.296,0.0,20.2,1.517,30.643
6.307,0.0,20.2,1.519,30.684
6.318,0.0,20.2,1.519,30.684
6.328,0.0,20.2,1.52,30.704
6.34,0.0,20.2,1.518,30.664
6.351,0.0,20.2,1.519,30.684
6.361,0.0,20.2,1.519,30.684
6.372,0.0,20.204,1.518,30.67
6.383,0.0,20.2,1.518,30.664
6.394,0.0,20.2,1.517,30.643
6.405,0.0,20.204,1.519,30.69
6.416,0.0,20.204,1.519,30.69
6.427,0.0,20.2,1.518,30.664
6.438,0.0,20.2,1.52,30.704
6.449,0.0,20.2,1.517,30.643
6.46,0.0,20.2,1.521,30.724
6.472,0.0,20.2,1.516,30.623
6.483,0.0,20.2,1.519,30.684
6.494,0.0,20.2,1.52,30.704
6.505,0.0,20.2,1.518,30.664
6.516,0.0,20.2,1.519,30.684
6.527,0.0,20.2,1.516,30.623
6.538,0.0,20.2,1.52,30.704
6.549,0.0,20.2,1.517,30.643
6.56,0.0,20.2,1.518,30.664
6.571,0.0,20.2,1.519,30.684
6.582,0.0,20.2,1.518,30.664
6.593,0.0,20.204,1.518,30.67
6.604,0.0,20.2,1.517,30.643
6.615,0.0,20.2,1.519,30.684
6.626,0.0,20.2,1.517,30.643
6.637,0.0,20.2,1.518,30.664
6.648,0.0,20.2,1.518,30.664
6.659,0.0,20.2,1.517,30.643
6.67,0.0,20.2,1.52,30.704
6.681,0.0,20.2,1.518,30.664
6.692,0.0,20.204,1.518,30.67
6.703,0.0,20.2,1.519,30.684
6.714,0.0,20.204,1.517,30.649
6.724,0.0,20.2,1.518,30.664
6.736,0.0,20.2,1.515,30.603
6.747,0.0,20.2,1.52,30.704
6.757,0.0,20.204,1.517,30.649
6.769,0.0,20.2,1.517,30.643
6.78,0.0,20.2,1.519,30.684
6.79,0.0,20.2,1.517,30.643
6.802,0.0,20.2,1.518,30.664
6.812,0.0,20.2,1.517,30.643
6.823,0.0,20.2,1.52,30.704
6.835,0.0,20.2,1.518,30.664
6.845,0.0,20.204,1.518,30.67
6.854,0.0,20.2,1.518,30.664
6.865,0.0,20.2,1.518,30.664
6.875,0.0,20.2,1.521,30.724
6.885,0.0,20.2,1.517,30.643
6.895,0.0,20.2,1.518,30.664
6.906,0.0,20.2,1.519,30.684
6.916,0.0,20.196,1.519,30.678
6.925,0.0,20.2,1.521,30.724
6.936,0.0,20.196,1.52,30.698
6.947,0.0,20.2,1.519,30.684
6.957,0.0,20.204,1.52,30.71
6.969,0.0,20.2,1.518,30.664
6.98,0.0,20.2,1.519,30.684
6.991,0.0,20.2,1.52,30.704
7.006,0.0,20.204,1.521,30.73
7.016,0.0,20.2,1.52,30.704
7.027,0.0,20.2,1.518,30.664
7.039,0.0,20.2,1.52,30.704
7.049,0.0,20.204,1.519,30.69
7.059,0.0,20.2,1.52,30.704
7.071,0.0,20.2,1.518,30.664
7.081,0.0,20.2,1.518,30.664
7.091,0.0,20.2,1.521,30.724
7.103,0.0,20.2,1.519,30.684
7.113,0.0,20.2,1.52,30.704
7.123,0.0,20.2,1.518,30.664
7.134,0.0,20.2,1.52,30.704
7.144,0.0,20.2,1.52,30.704
7.153,0.0,20.2,1.519,30.684
7.164,0.0,20.204,1.519,30.69
7.174,0.0,20.2,1.519,30.684
7.183,0.0,20.2,1.518,30.664
7.193,0.0,20.2,1.52,30.704
7.203,0.0,20.2,1.521,30.724
7.213,0.0,20.2,1.519,30.684
7.222,0.0,20.196,1.519,30.678
7.233,0.0,20.2,1.519,30.684
7.243,0.0,20.2,1.52,30.704
7.254,0.0,20.2,1.519,30.684
7.265,0.0,20.2,1.519,30.684
7.275,0.0,20.2,1.519,30.684
7.286,0.0,20.196,1.52,30.698
7.297,0.0,20.2,1.519,30.684
7.307,0.0,20.2,1.519,30.684
7.318,0.0,20.204,1.52,30.71
7.329,0.0,20.204,1.519,30.69
7.34,0.0,20.2,1.521,30.724
7.35,0.0,20.2,1.519,30.684
7.36,0.0,20.2,1.518,30.664
7.371,0.0,20.204,1.52,30.71
7.382,0.0,20.2,1.518,30.664
7.393,0.0,20.2,1.518,30.664
7.404,0.0,20.196,1.516,30.617
7.415,0.0,20.204,1.519,30.69
7.425,0.0,20.2,1.519,30.684
7.437,0.0,20.2,1.52,30.704
7.446,0.0,20.2,1.52,30.704
7.456,0.0,20.2,1.52,30.704
7.466,0.0,20.2,1.52,30.704
7.476,0.0,20.2,1.518,30.664
7.486,0.0,20.2,1.519,30.684
7.496,0.0,20.2,1.52,30.704
7.506,0.0,20.2,1.52,30.704
7.515,0.0,20.2,1.521,30.724
7.525,0.0,20.2,1.519,30.684
7.535,0.0,20.2,1.518,30.664
7.545,0.0,20.2,1.52,30.704
7.556,0.0,20.2,1.52,30.704
7.567,0.0,20.2,1.52,30.704
7.577,0.0,20.2,1.518,30.664
7.588,0.0,20.2,1.52,30.704
7.599,0.0,20.2,1.52,30.704
7.609,0.0,20.196,1.52,30.698
7.619,0.0,20.2,1.52,30.704
7.631,0.0,20.2,1.518,30.664
7.641,0.0,20.196,1.52,30.698
7.651,0.0,20.2,1.522,30.744
7.662,0.0,20.204,1.52,30.71
7.673,0.0,20.204,1.52,30.71
7.684,0.0,20.2,1.519,30.684
7.694,0.0,20.2,1.521,30.724
7.705,0.0,20.2,1.519,30.684
7.716,0.0,20.2,1.519,30.684
7.727,0.0,20.2,1.519,30.684
7.738,0.0,20.2,1.519,30.684
7.748,0.0,20.2,1.519,30.684
7.758,0.0,20.2,1.519,30.684
7.769,0.0,20.2,1.52,30.704
7.78,0.0,20.2,1.519,30.684
7.79,0.0,20.204,1.519,30.69
7.801,0.0,20.2,1.52,30.704
7.812,0.0,20.2,1.519,30.684
7.822,0.0,20.2,1.52,30.704
7.833,0.0,20.2,1.518,30.664
7.844,0.0,20.196,1.519,30.678
7.854,0.0,20.2,1.519,30.684
7.865,0.0,20.204,1.52,30.71
7.876,0.0,20.2,1.519,30.684
7.886,0.0,20.2,1.518,30.664
7.897,0.0,20.204,1.52,30.71
7.908,0.0,20.2,1.52,30.704
7.918,0.0,20.2,1.519,30.684
7.929,0.0,20.2,1.521,30.724
7.94,0.0,20.204,1.519,30.69
7.95,0.0,20.2,1.519,30.684
7.961,0.0,20.2,1.52,30.704
7.972,0.0,20.204,1.52,30.71
7.982,0.0,20.2,1.519,30.684
7.992,0.0,20.2,1.519,30.684
8.003,0.0,20.204,1.519,30.69
8.014,0.0,20.2,1.52,30.704
8.024,0.0,20.2,1.518,30.664
8.035,0.0,20.2,1.521,30.724
8.046,0.0,20.204,1.519,30.69
8.056,0.0,20.2,1.518,30.664
8.067,0.0,20.2,1.519,30.684
8.078,0.0,20.204,1.518,30.67
8.088,0.0,20.2,1.52,30.704
8.099,0.0,20.2,1.518,30.664
8.11,0.0,20.2,1.519,30.684
8.12,0.0,20.204,1.518,30.67
8.13,0.0,20.2,1.519,30.684
8.142,0.0,20.2,1.519,30.684
8.151,0.0,20.2,1.518,30.664
8.16,0.0,20.2,1.519,30.684
8.171,0.0,20.2,1.518,30.664
8.18,0.0,20.2,1.519,30.684
8.19,0.0,20.2,1.518,30.664
8.2,0.0,20.2,1.518,30.664
8.21,0.0,20.2,1.519,30.684
8.22,0.0,20.2,1.519,30.684
8.229,0.0,20.2,1.516,30.623
8.24,0.0,20.2,1.521,30.724
8.25,0.0,20.2,1.519,30.684
8.26,0.0,20.2,1.518,30.664
8.271,0.0,20.2,1.517,30.643
8.282,0.0,20.204,1.517,30.649
8.292,0.0,20.2,1.519,30.684
8.303,0.0,20.2,1.517,30.643
8.314,0.0,20.2,1.517,30.643
8.324,0.0,20.2,1.518,30.664
8.335,0.0,20.2,1.518,30.664
8.346,0.0,20.2,1.521,30.724
8.356,0.0,20.2,1.518,30.664
8.367,0.0,20.2,1.519,30.684
8.378,0.0,20.2,1.517,30.643
8.388,0.0,20.196,1.517,30.637
8.399,0.0,20.2,1.519,30.684
8.41,0.0,20.2,1.518,30.664
8.421,0.0,20.2,1.52,30.704
8.431,0.0,20.2,1.517,30.643
8.441,0.0,20.2,1.519,30.684
8.449,0.0,20.2,1.518,30.664
8.457,0.0,20.2,1.518,30.664
8.465,0.0,20.2,1.519,30.684
8.473,0.0,20.204,1.519,30.69
8.481,0.0,20.2,1.518,30.664
8.489,0.0,20.204,1.518,30.67
8.497,0.0,20.2,1.519,30.684
8.505,0.0,20.2,1.519,30.684
8.512,0.0,20.2,1.517,30.643
8.52,0.0,20.204,1.519,30.69
8.528,0.0,20.2,1.519,30.684
8.536,0.0,20.204,1.518,30.67
8.544,0.0,20.2,1.519,30.684
8.552,0.0,20.2,1.519,30.684
8.56,0.0,20.2,1.516,30.623
8.568,0.0,20.204,1.518,30.67
8.576,0.0,20.2,1.519,30.684
8.583,0.0,20.2,1.517,30.643
8.591,0.0,20.2,1.517,30.643
8.6,0.0,20.2,1.52,30.704
8.607,0.0,20.2,1.518,30.664
8.615,0.0,20.2,1.517,30.643
8.623,0.0,20.2,1.517,30.643
8.631,0.0,20.2,1.519,30.684
8.639,0.0,20.2,1.518,30.664
8.646,0.0,20.2,1.518,30.664
8.654,0.0,20.2,1.519,30.684
8.663,0.0,20.2,1.517,30.643
8.671,0.0,20.2,1.518,30.664
8.678,0.0,20.204,1.519,30.69
8.686,0.0,20.2,1.518,30.664
8.695,0.0,20.2,1.517,30.643
8.702,0.0,20.2,1.52,30.704
8.71,0.0,20.204,1.519,30.69
8.718,0.0,20.2,1.516,30.623
8.726,0.0,20.2,1.519,30.684
8.734,0.0,20.196,1.52,30.698
8.741,0.0,20.2,1.518,30.664
8.749,0.0,20.2,1.519,30.684
8.758,0.0,20.2,1.521,30.724
8.766,0.0,20.2,1.518,30.664
8.773,0.0,20.2,1.518,30.664
8.781,0.0,20.2,1.521,30.724
8.79,0.0,20.2,1.518,30.664
8.798,0.0,20.2,1.517,30.643
8.806,0.0,20.2,1.519,30.684
8.813,0.0,20.2,1.52,30.704
8.822,0.0,20.2,1.519,30.684
8.83,0.0,20.204,1.52,30.71
8.837,0.0,20.2,1.518,30.664
8.845,0.0,20.2,1.517,30.643
8.853,0.0,20.204,1.518,30.67
8.861,0.0,20.2,1.52,30.704
8.869,0.0,20.2,1.518,30.664
8.877,0.0,20.2,1.518,30.664
8.885,0.0,20.2,1.519,30.684
8.893,0.0,20.2,1.519,30.684
8.901,0.0,20.204,1.518,30.67
8.908,0.0,20.204,1.521,30.73
8.917,0.0,20.2,1.519,30.684
8.925,0.0,20.204,1.516,30.629
8.933,0.0,20.2,1.518,30.664
8.941,0.0,20.2,1.52,30.704
8.949,0.0,20.2,1.518,30.664
8.957,0.0,20.2,1.518,30.664
8.965,0.0,20.2,1.519,30.684
8.973,0.0,20.2,1.519,30.684
8.981,0.0,20.204,1.518,30.67
8.99,0.0,20.2,1.52,30.704
8.997,0.0,20.2,1.517,30.643
9.005,0.0,20.204,1.519,30.69
9.014,0.0,20.2,1.521,30.724
9.022,0.0,20.2,1.519,30.684
9.029,0.0,20.2,1.519,30.684
9.037,0.0,20.204,1.519,30.69
9.045,0.0,20.2,1.52,30.704
9.053,0.0,20.2,1.517,30.643
9.061,0.0,20.2,1.518,30.664
9.069,0.0,20.204,1.521,30.73
9.077,0.0,20.2,1.519,30.684
9.085,0.0,20.2,1.517,30.643
9.093,0.0,20.2,1.521,30.724
9.1,0.0,20.204,1.52,30.71
9.108,0.0,20.196,1.518,30.658
9.117,0.0,20.2,1.52,30.704
9.124,0.0,20.2,1.521,30.724
9.132,0.0,20.196,1.518,30.658
9.14,0.0,20.2,1.519,30.684
9.149,0.0,20.196,1.522,30.738
9.158,0.0,20.2,1.517,30.643
9.168,0.0,20.2,1.519,30.684
9.178,0.0,20.2,1.519,30.684
9.188,0.0,20.2,1.518,30.664
9.197,0.0,20.2,1.521,30.724
9.207,0.0,20.2,1.518,30.664
9.217,0.0,20.2,1.518,30.664
9.227,0.0,20.2,1.521,30.724
9.236,0.0,20.2,1.518,30.664
9.247,0.0,20.196,1.52,30.698
9.256,0.0,20.2,1.52,30.704
9.266,0.0,20.2,1.518,30.664
9.276,0.0,20.196,1.52,30.698
9.286,0.0,20.2,1.519,30.684
9.295,0.0,20.2,1.518,30.664
9.305,0.0,20.196,1.52,30.698
9.315,0.0,20.2,1.519,30.684
9.325,0.0,20.196,1.518,30.658
9.334,0.0,20.2,1.519,30.684
9.345,0.0,20.2,1.517,30.643
9.355,0.0,20.2,1.519,30.684
9.366,0.0,20.2,1.516,30.623
9.377,0.0,20.204,1.519,30.69
9.387,0.0,20.2,1.519,30.684
9.398,0.0,20.2,1.519,30.684
9.409,0.0,20.2,1.522,30.744
9.42,0.0,20.2,1.518,30.664
9.43,0.0,20.2,1.519,30.684
9.441,0.0,20.204,1.522,30.75
9.452,0.0,20.2,1.519,30.684
9.463,0.0,20.196,1.519,30.678
9.474,0.0,20.2,1.519,30.684
9.484,0.0,20.196,1.52,30.698
9.495,0.0,20.2,1.516,30.623
9.505,0.0,20.196,1.519,30.678
9.516,0.0,20.2,1.52,30.704
9.527,0.0,20.2,1.517,30.643
9.537,0.0,20.2,1.52,30.704
9.548,0.0,20.2,1.519,30.684
9.559,0.0,20.2,1.519,30.684
9.569,0.0,20.2,1.52,30.704
9.581,0.0,20.2,1.518,30.664
9.591,0.0,20.2,1.519,30.684
9.601,0.0,20.2,1.518,30.664
9.612,0.0,20.204,1.52,30.71
9.622,0.0,20.2,1.519,30.684
9.633,0.0,20.2,1.519,30.684
9.644,0.0,20.204,1.52,30.71
9.655,0.0,20.196,1.518,30.658
9.665,0.0,20.2,1.518,30.664
9.676,0.0,20.2,1.52,30.704
9.687,0.0,20.2,1.518,30.664
9.697,0.0,20.2,1.519,30.684
9.708,0.0,20.2,1.517,30.643
9.719,0.0,20.2,1.52,30.704
9.729,0.0,20.2,1.518,30.664
9.74,0.0,20.2,1.521,30.724
9.751,0.0,20.2,1.52,30.704
9.761,0.0,20.2,1.518,30.664
9.772,0.0,20.2,1.521,30.724
9.783,0.0,20.2,1.518,30.664
9.793,0.0,20.2,1.519,30.684
9.804,0.0,20.2,1.519,30.684
9.815,0.0,20.2,1.52,30.704
9.825,0.0,20.204,1.52,30.71
9.836,0.0,20.2,1.519,30.684
9.847,0.0,20.2,1.518,30.664
9.857,0.0,20.2,1.519,30.684
9.868,0.0,20.204,1.519,30.69
9.879,0.0,20.2,1.52,30.704
9.889,0.0,20.204,1.521,30.73
9.901,0.0,20.2,1.519,30.684
9.912,0.0,20.204,1.519,30.69
9.923,0.0,20.196,1.52,30.698
9.934,0.0,20.2,1.52,30.704
9.945,0.0,20.2,1.52,30.704
9.956,0.0,20.2,1.519,30.684
9.967,0.0,20.2,1.518,30.664
9.978,0.0,20.2,1.52,30.704
9.989,0.0,20.2,1.52,30.704
10.0,0.0,20.2,1.52,30.704
10.011,0.0,20.2,1.518,30.664
10.022,0.0,20.2,1.518,30.664
10.033,0.0,20.2,1.521,30.724
10.044,0.0,20.2,1.519,30.684
10.055,0.0,20.2,1.521,30.724
10.065,0.0,20.196,1.52,30.698
10.076,0.0,20.204,1.519,30.69
10.085,0.0,20.2,1.519,30.684
10.095,0.0,20.204,1.519,30.69
10.106,0.0,20.2,1.519,30.684
10.116,0.0,20.2,1.52,30.704
10.125,0.0,20.204,1.52,30.71
10.136,0.0,20.204,1.519,30.69
10.146,0.0,20.204,1.517,30.649
10.156,0.0,20.2,1.52,30.704
10.167,0.0,20.2,1.52,30.704
10.177,0.0,20.2,1.519,30.684
10.186,0.0,20.2,1.519,30.684
10.197,0.0,20.204,1.519,30.69
10.207,0.0,20.2,1.519,30.684
10.216,0.0,20.2,1.518,30.664
10.227,0.0,20.2,1.517,30.643
10.237,0.0,20.2,1.517,30.643
10.247,0.0,20.2,1.519,30.684
10.258,0.0,20.196,1.518,30.658
10.269,0.0,20.2,1.518,30.664
10.28,0.0,20.204,1.518,30.67
10.291,0.0,20.2,1.518,30.664
10.302,0.0,20.2,1.518,30.664
10.313,0.0,20.2,1.52,30.704
10.324,0.0,20.2,1.517,30.643
10.335,0.0,20.2,1.518,30.664
10.346,0.0,20.2,1.517,30.643
10.357,0.0,20.2,1.518,30.664
10.368,0.0,20.2,1.519,30.684
10.379,0.0,20.204,1.519,30.69
10.39,0.0,20.2,1.518,30.664
10.401,0.0,20.204,1.518,30.67
10.412,0.0,20.204,1.518,30.67
10.423,0.0,20.2,1.517,30.643
10.434,0.0,20.2,1.517,30.643
10.445,0.0,20.204,1.519,30.69
10.456,0.0,20.2,1.519,30.684
10.466,0.0,20.2,1.518,30.664
10.476,0.0,20.2,1.518,30.664
10.486,0.0,20.2,1.517,30.643
10.497,0.0,20.2,1.519,30.684
10.507,0.0,20.2,1.518,30.664
10.519,0.0,20.204,1.518,30.67
10.529,0.0,20.2,1.519,30.684
10.539,0.0,20.2,1.518,30.664
10.551,0.0,20.2,1.519,30.684
10.56,0.0,20.2,1.519,30.684
10.567,0.0,20.196,1.518,30.658
10.575,0.0,20.196,1.517,30.637
10.584,0.0,20.2,1.52,30.704
10.593,0.0,20.196,1.519,30.678
10.601,0.0,20.2,1.518,30.664
10.609,0.0,20.2,1.519,30.684
10.618,0.0,20.204,1.519,30.69
10.626,0.0,20.2,1.518,30.664
10.634,0.0,20.2,1.518,30.664
10.642,0.0,20.2,1.52,30.704
10.651,0.0,20.2,1.519,30.684
10.66,0.0,20.204,1.52,30.71
10.668,0.0,20.2,1.518,30.664
10.675,0.0,20.196,1.519,30.678
10.685,0.0,20.2,1.518,30.664
10.693,0.0,20.2,1.517,30.643
10.701,0.0,20.196,1.519,30.678
10.709,0.0,20.2,1.519,30.684
10.717,0.0,20.196,1.518,30.658
10.725,0.0,20.2,1.518,30.664
10.733,0.0,20.2,1.518,30.664
10.741,0.0,20.2,1.518,30.664
10.75,0.0,20.2,1.519,30.684
10.758,0.0,20.196,1.517,30.637
10.766,0.0,20.2,1.519,30.684
10.774,0.0,20.2,1.519,30.684
10.783,0.0,20.2,1.517,30.643
10.79,0.0,20.2,1.518,30.664
10.798,0.0,20.2,1.519,30.684
10.806,0.0,20.2,1.518,30.664
10.815,0.0,20.2,1.518,30.664
10.823,0.0,20.2,1.52,30.704
10.831,0.0,20.2,1.519,30.684
10.839,0.0,20.204,1.518,30.67
10.847,0.0,20.196,1.519,30.678
10.855,0.0,20.2,1.519,30.684
10.863,0.0,20.204,1.517,30.649
10.871,0.0,20.2,1.519,30.684
10.88,0.0,20.2,1.519,30.684
10.888,0.0,20.2,1.517,30.643
10.896,0.0,20.2,1.518,30.664
10.904,0.0,20.204,1.518,30.67
10.912,0.0,20.204,1.517,30.649
10.92,0.0,20.204,1.519,30.69
10.928,0.0,20.2,1.517,30.643
10.936,0.0,20.2,1.52,30.704
10.945,0.0,20.204,1.519,30.69
10.953,0.0,20.2,1.519,30.684
10.961,0.0,20.2,1.518,30.664
10.968,0.0,20.2,1.519,30.684
10.977,0.0,20.2,1.519,30.684
10.985,0.0,20.2,1.519,30.684
10.993,0.0,20.2,1.518,30.664
11.001,0.0,20.2,1.519,30.684
11.01,0.0,20.2,1.519,30.684
11.018,0.0,20.2,1.517,30.643
11.025,0.0,20.2,1.519,30.684
11.033,0.0,20.196,1.519,30.678
11.042,0.0,20.2,1.518,30.664
11.05,0.0,20.2,1.519,30.684
11.058,0.0,20.2,1.519,30.684
11.066,0.0,20.2,1.518,30.664
11.075,0.0,20.2,1.518,30.664
11.082,0.0,20.204,1.52,30.71
11.09,0.0,20.2,1.519,30.684
11.098,0.0,20.2,1.518,30.664
11.107,0.0,20.204,1.52,30.71
11.115,0.0,20.2,1.518,30.664
11.123,0.0,20.2,1.516,30.623
11.131,0.0,20.204,1.518,30.67
11.14,0.0,20.2,1.518,30.664
11.147,0.0,20.2,1.518,30.664
11.155,0.0,20.2,1.52,30.704
11.163,0.0,20.204,1.517,30.649
11.172,0.0,20.2,1.517,30.643
11.18,0.0,20.2,1.518,30.664
11.187,0.0,20.2,1.52,30.704
11.195,0.0,20.2,1.519,30.684
11.204,0.0,20.2,1.519,30.684
11.212,0.0,20.2,1.518,30.664
11.22,0.0,20.2,1.518,30.664
11.228,0.0,20.2,1.516,30.623
11.237,0.0,20.2,1.519,30.684
11.244,0.0,20.2,1.519,30.684
11.252,0.0,20.2,1.517,30.643
11.262,0.0,20.2,1.519,30.684
11.274,0.0,20.2,1.519,30.684
11.284,0.0,20.2,1.521,30.724
11.295,0.0,20.2,1.52,30.704
11.306,0.0,20.204,1.52,30.71
11.317,0.0,20.196,1.52,30.698
11.328,0.0,20.2,1.518,30.664
11.339,0.0,20.2,1.519,30.684
11.35,0.0,20.2,1.52,30.704
11.36,0.0,20.2,1.518,30.664
11.371,0.0,20.2,1.52,30.704
11.381,0.0,20.2,1.519,30.684
11.39,0.0,20.204,1.519,30.69
11.401,0.0,20.2,1.519,30.684
11.411,0.0,20.2,1.518,30.664
11.421,0.0,20.2,1.522,30.744
11.431,0.0,20.204,1.519,30.69
11.441,0.0,20.2,1.521,30.724
11.451,0.0,20.2,1.52,30.704
11.462,0.0,20.204,1.517,30.649
11.473,0.0,20.2,1.519,30.684
11.484,0.0,20.2,1.519,30.684
11.495,0.0,20.2,1.518,30.664
11.507,0.0,20.2,1.519,30.684
11.517,0.0,20.2,1.519,30.684
11.527,0.0,20.2,1.521,30.724
11.539,0.0,20.204,1.518,30.67
11.549,0.0,20.204,1.521,30.73
11.56,0.0,20.196,1.518,30.658
11.571,0.0,20.2,1.519,30.684
11.581,0.0,20.2,1.52,30.704
11.591,0.0,20.2,1.518,30.664
11.601,0.0,20.2,1.52,30.704
11.611,0.0,20.2,1.519,30.684
11.621,0.0,20.2,1.517,30.643
11.632,0.0,20.2,1.52,30.704
11.641,0.0,20.2,1.518,30.664
11.651,0.0,20.2,1.518,30.664
11.662,0.0,20.2,1.519,30.684
11.672,0.0,20.2,1.516,30.623
11.681,0.0,20.204,1.521,30.73
11.692,0.0,20.2,1.52,30.704
11.702,0.0,20.2,1.519,30.684
11.712,0.0,20.2,1.519,30.684
11.722,0.0,20.196,1.519,30.678
11.733,0.0,20.204,1.52,30.71
11.742,0.0,20.2,1.52,30.704
11.752,0.0,20.2,1.518,30.664
11.763,0.0,20.204,1.521,30.73
11.773,0.0,20.2,1.518,30.664
11.783,0.0,20.2,1.521,30.724
11.793,0.0,20.2,1.517,30.643
11.803,0.0,20.204,1.519,30.69
11.813,0.0,20.2,1.521,30.724
11.823,0.0,20.2,1.518,30.664
11.833,0.0,20.2,1.518,30.664
11.843,0.0,20.2,1.517,30.643
11.854,0.0,20.2,1.519,30.684
11.864,0.0,20.2,1.519,30.684
11.874,0.0,20.2,1.517,30.643
11.884,0.0,20.2,1.521,30.724
11.894,0.0,20.2,1.52,30.704
11.904,0.0,20.2,1.519,30.684
11.914,0.0,20.2,1.52,30.704
11.924,0.0,20.2,1.518,30.664
11.934,0.0,20.2,1.519,30.684
11.944,0.0,20.2,1.521,30.724
11.955,0.0,20.2,1.517,30.643
11.965,0.0,20.2,1.519,30.684
11.976,0.0,20.2,1.518,30.664
11.988,0.0,20.2,1.52,30.704
11.999,0.0,20.2,1.518,30.664
12.01,0.0,20.2,1.518,30.664
12.021,0.0,20.2,1.521,30.724
12.032,0.0,20.2,1.518,30.664
12.042,0.0,20.204,1.52,30.71
12.054,0.0,20.2,1.517,30.643
12.064,0.0,20.204,1.52,30.71
12.074,0.0,20.2,1.519,30.684
12.084,0.0,20.2,1.519,30.684
12.095,0.0,20.2,1.521,30.724
12.104,0.0,20.2,1.518,30.664
12.115,0.0,20.2,1.518,30.664
12.125,0.0,20.2,1.521,30.724
12.135,0.0,20.2,1.519,30.684
12.145,0.0,20.2,1.521,30.724
12.156,0.0,20.204,1.519,30.69
12.166,0.0,20.196,1.518,30.658
12.177,0.0,20.196,1.52,30.698
12.189,0.0,20.2,1.519,30.684
12.199,0.0,20.2,1.521,30.724
12.21,0.0,20.2,1.519,30.684
12.222,0.0,20.2,1.52,30.704
12.232,0.0,20.2,1.519,30.684
12.243,0.0,20.2,1.517,30.643
12.254,0.0,20.2,1.52,30.704
12.264,0.0,20.204,1.517,30.649
12.275,0.0,20.2,1.52,30.704
12.285,0.0,20.2,1.519,30.684
12.295,0.0,20.2,1.519,30.684
12.305,0.0,20.2,1.521,30.724
12.316,0.0,20.2,1.518,30.664
12.325,0.0,20.2,1.52,30.704
12.335,0.0,20.2,1.52,30.704
12.346,0.0,20.2,1.519,30.684
12.356,0.0,20.2,1.521,30.724
12.367,0.0,20.2,1.519,30.684
12.378,0.0,20.2,1.519,30.684
12.389,0.0,20.2,1.516,30.623
12.4,0.0,20.2,1.518,30.664
12.411,0.0,20.2,1.52,30.704
12.422,0.0,20.2,1.517,30.643
12.433,0.0,20.2,1.52,30.704
12.444,0.0,20.2,1.519,30.684
12.455,0.0,20.2,1.518,30.664
12.465,0.0,20.2,1.518,30.664
12.476,0.0,20.196,1.518,30.658
12.486,0.0,20.2,1.519,30.684
12.496,0.0,20.2,1.517,30.643
12.506,0.0,20.204,1.519,30.69
12.517,0.0,20.2,1.519,30.684
12.526,0.0,20.2,1.517,30.643
12.536,0.0,20.204,1.52,30.71
12.547,0.0,20.196,1.519,30.678
12.557,0.0,20.204,1.519,30.69
12.567,0.0,20.2,1.52,30.704
12.579,0.0,20.2,1.519,30.684
12.59,0.0,20.2,1.52,30.704
12.601,0.0,20.2,1.518,30.664
12.612,0.0,20.2,1.519,30.684
12.623,0.0,20.2,1.518,30.664
12.634,0.0,20.2,1.518,30.664
12.645,0.0,20.2,1.518,30.664
12.657,0.0,20.2,1.518,30.664
12.667,0.0,20.2,1.52,30.704
12.678,0.0,20.204,1.518,30.67
12.688,0.0,20.2,1.518,30.664
12.698,0.0,20.204,1.52,30.71
12.708,0.0,20.2,1.518,30.664
12.718,0.0,20.2,1.518,30.664
12.728,0.0,20.2,1.517,30.643
12.738,0.0,20.2,1.519,30.684
12.749,0.0,20.2,1.518,30.664
12.758,0.0,20.2,1.519,30.684
12.769,0.0,20.204,1.519,30.69
12.781,0.0,20.2,1.517,30.643
12.791,0.0,20.196,1.519,30.678
12.802,0.0,20.2,1.519,30.684
12.814,0.0,20.2,1.518,30.664
12.824,0.0,20.2,1.521,30.724
12.836,0.0,20.2,1.516,30.623
12.847,0.0,20.2,1.518,30.664
12.858,0.0,20.204,1.52,30.71
12.869,0.0,20.2,1.518,30.664
12.88,0.0,20.204,1.519,30.69
12.891,0.0,20.2,1.517,30.643
12.902,0.0,20.2,1.52,30.704
12.913,0.0,20.2,1.518,30.664
12.924,0.0,20.2,1.518,30.664
12.935,0.0,20.2,1.518,30.664
12.947,0.0,20.204,1.518,30.67
12.957,0.0,20.204,1.519,30.69
12.968,0.0,20.2,1.517,30.643
12.98,0.0,20.2,1.518,30.664
12.99,0.0,20.2,1.517,30.643
13.001,0.0,20.2,1.519,30.684
13.013,0.0,20.2,1.519,30.684
13.023,0.0,20.2,1.519,30.684
13.034,0.0,20.2,1.52,30.704
13.046,0.0,20.204,1.519,30.69
13.056,0.0,20.2,1.519,30.684
13.067,0.0,20.2,1.519,30.684
13.078,0.0,20.2,1.52,30.704
13.087,0.0,20.204,1.519,30.69
13.098,0.0,20.204,1.518,30.67
13.108,0.0,20.2,1.521,30.724
13.118,0.0,20.2,1.519,30.684
13.128,0.0,20.2,1.518,30.664
13.139,0.0,20.2,1.518,30.664
13.148,0.0,20.2,1.518,30.664
13.158,0.0,20.204,1.518,30.67
13.17,0.0,20.196,1.519,30.678
13.181,0.0,20.2,1.519,30.684
13.191,0.0,20.2,1.52,30.704
13.203,0.0,20.204,1.519,30.69
13.214,0.0,20.2,1.518,30.664
13.225,0.0,20.2,1.518,30.664
13.236,0.0,20.2,1.519,30.684
13.247,0.0,20.2,1.52,30.704
13.258,0.0,20.2,1.52,30.704
13.269,0.0,20.2,1.518,30.664
13.28,0.0,20.2,1.519,30.684
13.291,0.0,20.2,1.52,30.704
13.303,0.0,20.2,1.518,30.664
13.313,0.0,20.2,1.519,30.684
13.324,0.0,20.204,1.519,30.69
13.336,0.0,20.2,1.519,30.684
13.347,0.0,20.2,1.519,30.684
13.357,0.0,20.196,1.519,30.678
13.369,0.0,20.2,1.519,30.684
13.38,0.0,20.204,1.519,30.69
13.391,0.0,20.2,1.518,30.664
13.402,0.0,20.204,1.518,30.67
13.413,0.0,20.2,1.519,30.684
13.424,0.0,20.2,1.52,30.704
13.435,0.0,20.2,1.518,30.664
13.446,0.0,20.2,1.519,30.684
13.457,0.0,20.2,1.52,30.704
13.469,0.0,20.2,1.52,30.704
13.479,0.0,20.2,1.519,30.684
13.49,0.0,20.2,1.52,30.704
13.502,0.0,20.2,1.519,30.684
13.512,0.0,20.2,1.519,30.684
13.523,0.0,20.2,1.52,30.704
13.535,0.0,20.2,1.519,30.684
13.545,0.0,20.2,1.52,30.704
13.556,0.0,20.2,1.519,30.684
13.568,0.0,20.2,1.517,30.643
13.578,0.0,20.196,1.519,30.678
13.589,0.0,20.2,1.518,30.664
13.601,0.0,20.2,1.518,30.664
13.611,0.0,20.2,1.52,30.704
13.622,0.0,20.2,1.519,30.684
13.634,0.0,20.2,1.52,30.704
13.644,0.0,20.2,1.518,30.664
13.655,0.0,20.204,1.518,30.67
13.667,0.0,20.2,1.518,30.664
13.678,0.0,20.204,1.52,30.71
13.688,0.0,20.204,1.519,30.69
13.7,0.0,20.2,1.519,30.684
13.711,0.0,20.2,1.519,30.684
13.722,0.0,20.2,1.519,30.684
13.733,0.0,20.2,1.518,30.664
13.744,0.0,20.2,1.519,30.684
13.755,0.0,20.2,1.52,30.704
13.766,0.0,20.2,1.518,30.664
13.777,0.0,20.2,1.52,30.704
13.788,0.0,20.2,1.52,30.704
13.799,0.0,20.2,1.52,30.704
13.81,0.0,20.2,1.52,30.704
13.821,0.0,20.2,1.519,30.684
13.833,0.0,20.2,1.519,30.684
13.843,0.0,20.208,1.518,30.676
13.854,0.0,20.2,1.519,30.684
13.866,0.0,20.204,1.52,30.71
13.876,0.0,20.2,1.519,30.684
13.886,0.0,20.2,1.519,30.684
13.897,0.0,20.2,1.52,30.704
13.906,0.0,20.204,1.519,30.69
13.916,0.0,20.196,1.518,30.658
13.927,0.0,20.2,1.521,30.724
13.937,0.0,20.2,1.518,30.664
13.947,0.0,20.2,1.519,30.684
13.957,0.0,20.2,1.518,30.664
13.968,0.0,20.196,1.517,30.637
13.978,0.0,20.196,1.518,30.658
13.989,0.0,20.2,1.518,30.664
14.001,0.0,20.2,1.519,30.684
14.012,0.0,20.2,1.518,30.664
14.022,0.0,20.2,1.519,30.684
14.034,0.0,20.2,1.52,30.704
14.045,0.0,20.2,1.517,30.643
14.055,0.0,20.204,1.519,30.69
14.067,0.0,20.2,1.518,30.664
14.076,0.0,20.2,1.519,30.684
14.086,0.0,20.2,1.519,30.684
14.096,0.0,20.2,1.518,30.664
14.106,0.0,20.2,1.519,30.684
14.115,0.0,20.2,1.519,30.684
14.125,0.0,20.2,1.52,30.704
14.136,0.0,20.2,1.52,30.704
14.145,0.0,20.2,1.517,30.643
14.155,0.0,20.2,1.518,30.664
14.165,0.0,20.2,1.52,30.704
14.175,0.0,20.2,1.517,30.643
14.184,0.0,20.2,1.521,30.724
14.194,0.0,20.2,1.519,30.684
14.204,0.0,20.2,1.519,30.684
14.214,0.0,20.2,1.52,30.704
14.224,0.0,20.204,1.52,30.71
14.234,0.0,20.204,1.52,30.71
14.243,0.0,20.2,1.518,30.664
14.253,0.0,20.2,1.518,30.664
14.263,0.0,20.2,1.519,30.684
14.273,0.0,20.2,1.518,30.664
14.284,0.0,20.204,1.519,30.69
14.295,0.0,20.2,1.519,30.684
14.305,0.0,20.2,1.519,30.684
14.316,0.0,20.204,1.521,30.73
14.327,0.0,20.2,1.517,30.643
14.338,0.0,20.196,1.519,30.678
14.348,0.0,20.2,1.52,30.704
14.359,0.0,20.2,1.518,30.664
14.37,0.0,20.2,1.52,30.704
14.379,0.0,20.204,1.518,30.67
14.39,0.0,20.2,1.519,30.684
14.4,0.0,20.196,1.521,30.718
14.409,0.0,20.2,1.518,30.664
14.419,0.0,20.2,1.521,30.724
14.43,0.0,20.2,1.518,30.664
14.439,0.0,20.204,1.519,30.69
14.449,0.0,20.204,1.52,30.71
14.46,0.0,20.204,1.518,30.67
14.469,0.0,20.2,1.518,30.664
14.48,0.0,20.2,1.52,30.704
14.492,0.0,20.2,1.517,30.643
14.502,0.0,20.2,1.52,30.704
14.513,0.0,20.2,1.518,30.664
14.525,0.0,20.204,1.521,30.73
14.535,0.0,20.204,1.519,30.69
14.546,0.0,20.2,1.519,30.684
14.558,0.0,20.2,1.517,30.643
14.569,0.0,20.204,1.518,30.67
14.579,0.0,20.2,1.521,30.724
14.592,0.0,20.2,1.518,30.664
14.602,0.0,20.2,1.519,30.684
14.611,0.0,20.2,1.518,30.664
14.622,0.0,20.204,1.519,30.69
14.632,0.0,20.2,1.519,30.684
14.642,0.0,20.2,1.519,30.684
14.653,0.0,20.204,1.52,30.71
14.663,0.0,20.2,1.518,30.664
14.673,0.0,20.204,1.519,30.69
14.681,0.0,20.204,1.521,30.73
14.69,0.0,20.196,1.517,30.637
14.698,0.0,20.2,1.519,30.684
14.705,0.0,20.196,1.518,30.658
14.714,0.0,20.2,1.519,30.684
14.723,0.0,20.196,1.518,30.658
14.73,0.0,20.204,1.52,30.71
14.738,0.0,20.2,1.518,30.664
14.747,0.0,20.196,1.518,30.658
14.755,0.0,20.2,1.52,30.704
14.762,0.0,20.2,1.519,30.684
14.77,0.0,20.2,1.518,30.664
14.778,0.0,20.196,1.518,30.658
14.787,0.0,20.196,1.518,30.658
14.794,0.0,20.2,1.518,30.664
14.802,0.0,20.2,1.518,30.664
14.81,0.0,20.2,1.519,30.684
14.818,0.0,20.204,1.518,30.67
14.826,0.0,20.2,1.517,30.643
14.833,0.0,20.2,1.52,30.704
14.842,0.0,20.2,1.518,30.664
14.851,0.0,20.2,1.516,30.623
14.858,0.0,20.2,1.52,30.704
14.866,0.0,20.2,1.518,30.664
14.875,0.0,20.2,1.517,30.643
14.883,0.0,20.2,1.519,30.684
14.89,0.0,20.2,1.521,30.724
14.898,0.0,20.2,1.516,30.623
14.907,0.0,20.2,1.518,30.664
14.915,0.0,20.204,1.519,30.69
14.922,0.0,20.204,1.517,30.649
14.93,0.0,20.2,1.518,30.664
14.939,0.0,20.2,1.52,30.704
14.947,0.0,20.2,1.518,30.664
14.954,0.0,20.204,1.519,30.69
14.962,0.0,20.196,1.52,30.698
14.97,0.0,20.2,1.519,30.684
14.979,0.0,20.2,1.519,30.684
14.986,0.0,20.196,1.518,30.658
14.994,0.0,20.204,1.52,30.71
15.003,0.0,20.2,1.517,30.643
15.011,0.0,20.2,1.519,30.684
15.018,0.0,20.2,1.521,30.724
15.026,0.0,20.196,1.518,30.658
15.034,0.0,20.2,1.519,30.684
15.043,0.0,20.2,1.52,30.704
15.05,0.0,20.2,1.517,30.643
15.058,0.0,20.204,1.517,30.649
15.067,0.0,20.2,1.519,30.684
15.075,0.0,20.2,1.517,30.643
15.082,0.0,20.2,1.518,30.664
15.09,0.0,20.204,1.519,30.69
15.098,0.0,20.2,1.52,30.704
15.107,0.0,20.2,1.518,30.664
15.114,0.0,20.2,1.518,30.664
15.122,0.0,20.204,1.518,30.67
15.13,0.0,20.2,1.518,30.664
15.138,0.0,20.204,1.518,30.67
15.146,0.0,20.204,1.52,30.71
15.153,0.0,20.2,1.517,30.643
15.161,0.0,20.2,1.519,30.684
15.17,0.0,20.2,1.521,30.724
15.178,0.0,20.2,1.517,30.643
15.185,0.0,20.2,1.518,30.664
15.193,0.0,20.2,1.519,30.684
15.202,0.0,20.2,1.518,30.664
15.209,0.0,20.2,1.519,30.684
15.217,0.0,20.2,1.517,30.643
15.225,0.0,20.2,1.52,30.704
